# CLASS transfer function for vanilla LCDM with 3 massless neutrinos
# omega_b = 0.022383, omega_cdm = 0.12011, h = 0.6732, ln10^{10}A_s = 3.0448, n_s = 0.96605
# (cosmo parameters taken from first column in Table 1 of arxiv:1807.06209)
# 1:k (h/Mpc)   2:T(k)
1.00000e-04        9.99230e-01
1.00539e-04        9.99228e-01
1.01081e-04        9.99227e-01
1.01625e-04        9.99226e-01
1.02173e-04        9.99224e-01
1.02724e-04        9.99223e-01
1.03277e-04        9.99222e-01
1.03834e-04        9.99220e-01
1.04393e-04        9.99219e-01
1.04956e-04        9.99217e-01
1.05522e-04        9.99216e-01
1.06090e-04        9.99214e-01
1.06662e-04        9.99213e-01
1.07237e-04        9.99211e-01
1.07815e-04        9.99210e-01
1.08396e-04        9.99208e-01
1.08980e-04        9.99207e-01
1.09567e-04        9.99205e-01
1.10157e-04        9.99203e-01
1.10751e-04        9.99202e-01
1.11348e-04        9.99200e-01
1.11948e-04        9.99199e-01
1.12551e-04        9.99197e-01
1.13158e-04        9.99195e-01
1.13768e-04        9.99193e-01
1.14381e-04        9.99192e-01
1.14997e-04        9.99190e-01
1.15617e-04        9.99188e-01
1.16240e-04        9.99186e-01
1.16866e-04        9.99185e-01
1.17496e-04        9.99183e-01
1.18129e-04        9.99181e-01
1.18766e-04        9.99179e-01
1.19406e-04        9.99177e-01
1.20049e-04        9.99175e-01
1.20696e-04        9.99174e-01
1.21347e-04        9.99172e-01
1.22001e-04        9.99170e-01
1.22658e-04        9.99168e-01
1.23319e-04        9.99166e-01
1.23984e-04        9.99164e-01
1.24652e-04        9.99162e-01
1.25324e-04        9.99160e-01
1.25999e-04        9.99157e-01
1.26678e-04        9.99155e-01
1.27361e-04        9.99153e-01
1.28047e-04        9.99151e-01
1.28737e-04        9.99149e-01
1.29431e-04        9.99147e-01
1.30128e-04        9.99144e-01
1.30829e-04        9.99142e-01
1.31535e-04        9.99140e-01
1.32243e-04        9.99138e-01
1.32956e-04        9.99135e-01
1.33672e-04        9.99133e-01
1.34393e-04        9.99131e-01
1.35117e-04        9.99128e-01
1.35845e-04        9.99126e-01
1.36577e-04        9.99123e-01
1.37313e-04        9.99121e-01
1.38053e-04        9.99118e-01
1.38797e-04        9.99116e-01
1.39545e-04        9.99113e-01
1.40297e-04        9.99111e-01
1.41053e-04        9.99108e-01
1.41813e-04        9.99106e-01
1.42578e-04        9.99103e-01
1.43346e-04        9.99100e-01
1.44118e-04        9.99097e-01
1.44895e-04        9.99095e-01
1.45676e-04        9.99092e-01
1.46461e-04        9.99089e-01
1.47250e-04        9.99086e-01
1.48044e-04        9.99083e-01
1.48842e-04        9.99080e-01
1.49644e-04        9.99078e-01
1.50450e-04        9.99075e-01
1.51261e-04        9.99072e-01
1.52076e-04        9.99069e-01
1.52896e-04        9.99066e-01
1.53719e-04        9.99062e-01
1.54548e-04        9.99059e-01
1.55381e-04        9.99056e-01
1.56218e-04        9.99053e-01
1.57060e-04        9.99050e-01
1.57906e-04        9.99047e-01
1.58757e-04        9.99043e-01
1.59613e-04        9.99040e-01
1.60473e-04        9.99037e-01
1.61338e-04        9.99033e-01
1.62207e-04        9.99030e-01
1.63081e-04        9.99026e-01
1.63960e-04        9.99023e-01
1.64844e-04        9.99019e-01
1.65732e-04        9.99016e-01
1.66625e-04        9.99012e-01
1.67523e-04        9.99008e-01
1.68426e-04        9.99005e-01
1.69334e-04        9.99001e-01
1.70246e-04        9.98997e-01
1.71163e-04        9.98993e-01
1.72086e-04        9.98989e-01
1.73013e-04        9.98986e-01
1.73946e-04        9.98982e-01
1.74883e-04        9.98978e-01
1.75825e-04        9.98974e-01
1.76773e-04        9.98970e-01
1.77726e-04        9.98965e-01
1.78683e-04        9.98961e-01
1.79646e-04        9.98957e-01
1.80614e-04        9.98953e-01
1.81588e-04        9.98949e-01
1.82566e-04        9.98944e-01
1.83550e-04        9.98940e-01
1.84539e-04        9.98935e-01
1.85534e-04        9.98931e-01
1.86534e-04        9.98926e-01
1.87539e-04        9.98922e-01
1.88549e-04        9.98917e-01
1.89565e-04        9.98913e-01
1.90587e-04        9.98908e-01
1.91614e-04        9.98903e-01
1.92647e-04        9.98898e-01
1.93685e-04        9.98893e-01
1.94729e-04        9.98889e-01
1.95778e-04        9.98884e-01
1.96833e-04        9.98879e-01
1.97894e-04        9.98873e-01
1.98960e-04        9.98868e-01
2.00032e-04        9.98863e-01
2.01110e-04        9.98858e-01
2.02194e-04        9.98853e-01
2.03284e-04        9.98847e-01
2.04379e-04        9.98842e-01
2.05481e-04        9.98836e-01
2.06588e-04        9.98831e-01
2.07701e-04        9.98825e-01
2.08821e-04        9.98820e-01
2.09946e-04        9.98814e-01
2.11077e-04        9.98808e-01
2.12215e-04        9.98802e-01
2.13358e-04        9.98797e-01
2.14508e-04        9.98791e-01
2.15664e-04        9.98785e-01
2.16826e-04        9.98779e-01
2.17995e-04        9.98772e-01
2.19170e-04        9.98766e-01
2.20351e-04        9.98760e-01
2.21538e-04        9.98754e-01
2.22732e-04        9.98747e-01
2.23932e-04        9.98741e-01
2.25139e-04        9.98734e-01
2.26352e-04        9.98728e-01
2.27572e-04        9.98721e-01
2.28798e-04        9.98714e-01
2.30031e-04        9.98708e-01
2.31271e-04        9.98701e-01
2.32517e-04        9.98694e-01
2.33770e-04        9.98687e-01
2.35030e-04        9.98680e-01
2.36297e-04        9.98672e-01
2.37570e-04        9.98665e-01
2.38850e-04        9.98658e-01
2.40138e-04        9.98651e-01
2.41432e-04        9.98643e-01
2.42733e-04        9.98636e-01
2.44041e-04        9.98628e-01
2.45356e-04        9.98620e-01
2.46678e-04        9.98612e-01
2.48008e-04        9.98605e-01
2.49344e-04        9.98597e-01
2.50688e-04        9.98589e-01
2.52039e-04        9.98580e-01
2.53397e-04        9.98572e-01
2.54762e-04        9.98564e-01
2.56135e-04        9.98556e-01
2.57516e-04        9.98547e-01
2.58903e-04        9.98539e-01
2.60299e-04        9.98530e-01
2.61701e-04        9.98521e-01
2.63112e-04        9.98512e-01
2.64530e-04        9.98504e-01
2.65955e-04        9.98495e-01
2.67388e-04        9.98485e-01
2.68829e-04        9.98476e-01
2.70278e-04        9.98467e-01
2.71734e-04        9.98458e-01
2.73199e-04        9.98448e-01
2.74671e-04        9.98439e-01
2.76151e-04        9.98429e-01
2.77639e-04        9.98419e-01
2.79136e-04        9.98409e-01
2.80640e-04        9.98399e-01
2.82152e-04        9.98389e-01
2.83673e-04        9.98379e-01
2.85201e-04        9.98369e-01
2.86738e-04        9.98358e-01
2.88284e-04        9.98348e-01
2.89837e-04        9.98337e-01
2.91399e-04        9.98326e-01
2.92969e-04        9.98316e-01
2.94548e-04        9.98305e-01
2.96136e-04        9.98294e-01
2.97731e-04        9.98282e-01
2.99336e-04        9.98271e-01
3.00949e-04        9.98260e-01
3.02571e-04        9.98248e-01
3.04201e-04        9.98237e-01
3.05841e-04        9.98225e-01
3.07489e-04        9.98213e-01
3.09146e-04        9.98201e-01
3.10812e-04        9.98189e-01
3.12487e-04        9.98177e-01
3.14171e-04        9.98164e-01
3.15864e-04        9.98152e-01
3.17566e-04        9.98139e-01
3.19277e-04        9.98126e-01
3.20998e-04        9.98114e-01
3.22728e-04        9.98101e-01
3.24467e-04        9.98087e-01
3.26215e-04        9.98074e-01
3.27973e-04        9.98061e-01
3.29741e-04        9.98047e-01
3.31518e-04        9.98034e-01
3.33304e-04        9.98020e-01
3.35100e-04        9.98006e-01
3.36906e-04        9.97992e-01
3.38722e-04        9.97977e-01
3.40547e-04        9.97963e-01
3.42382e-04        9.97948e-01
3.44228e-04        9.97934e-01
3.46083e-04        9.97919e-01
3.47948e-04        9.97904e-01
3.49823e-04        9.97889e-01
3.51708e-04        9.97874e-01
3.53603e-04        9.97858e-01
3.55509e-04        9.97843e-01
3.57425e-04        9.97827e-01
3.59351e-04        9.97811e-01
3.61287e-04        9.97795e-01
3.63234e-04        9.97779e-01
3.65192e-04        9.97762e-01
3.67160e-04        9.97746e-01
3.69138e-04        9.97729e-01
3.71128e-04        9.97712e-01
3.73128e-04        9.97695e-01
3.75138e-04        9.97678e-01
3.77160e-04        9.97660e-01
3.79192e-04        9.97643e-01
3.81236e-04        9.97625e-01
3.83290e-04        9.97607e-01
3.85356e-04        9.97589e-01
3.87433e-04        9.97571e-01
3.89520e-04        9.97552e-01
3.91619e-04        9.97533e-01
3.93730e-04        9.97515e-01
3.95852e-04        9.97496e-01
3.97985e-04        9.97476e-01
4.00130e-04        9.97457e-01
4.02286e-04        9.97437e-01
4.04454e-04        9.97417e-01
4.06633e-04        9.97397e-01
4.08825e-04        9.97377e-01
4.11028e-04        9.97357e-01
4.13243e-04        9.97336e-01
4.15470e-04        9.97316e-01
4.17709e-04        9.97295e-01
4.19960e-04        9.97273e-01
4.22223e-04        9.97252e-01
4.24498e-04        9.97230e-01
4.26786e-04        9.97208e-01
4.29086e-04        9.97186e-01
4.31398e-04        9.97164e-01
4.33723e-04        9.97142e-01
4.36060e-04        9.97119e-01
4.38410e-04        9.97096e-01
4.40773e-04        9.97073e-01
4.43148e-04        9.97049e-01
4.45536e-04        9.97026e-01
4.47937e-04        9.97002e-01
4.50351e-04        9.96978e-01
4.52778e-04        9.96954e-01
4.55218e-04        9.96929e-01
4.57671e-04        9.96904e-01
4.60138e-04        9.96879e-01
4.62617e-04        9.96854e-01
4.65110e-04        9.96829e-01
4.67617e-04        9.96803e-01
4.70137e-04        9.96777e-01
4.72670e-04        9.96751e-01
4.75217e-04        9.96724e-01
4.77778e-04        9.96697e-01
4.80353e-04        9.96670e-01
4.82942e-04        9.96643e-01
4.85544e-04        9.96616e-01
4.88161e-04        9.96588e-01
4.90791e-04        9.96560e-01
4.93436e-04        9.96531e-01
4.96095e-04        9.96503e-01
4.98769e-04        9.96474e-01
5.01457e-04        9.96445e-01
5.04159e-04        9.96415e-01
5.06876e-04        9.96386e-01
5.09607e-04        9.96356e-01
5.12354e-04        9.96325e-01
5.15115e-04        9.96295e-01
5.17891e-04        9.96264e-01
5.20682e-04        9.96233e-01
5.23487e-04        9.96202e-01
5.26309e-04        9.96170e-01
5.29145e-04        9.96138e-01
5.31996e-04        9.96106e-01
5.34863e-04        9.96073e-01
5.37746e-04        9.96040e-01
5.40643e-04        9.96007e-01
5.43557e-04        9.95973e-01
5.46486e-04        9.95939e-01
5.49431e-04        9.95905e-01
5.52392e-04        9.95871e-01
5.55369e-04        9.95836e-01
5.58362e-04        9.95801e-01
5.61371e-04        9.95765e-01
5.64396e-04        9.95729e-01
5.67437e-04        9.95693e-01
5.70495e-04        9.95657e-01
5.73570e-04        9.95620e-01
5.76661e-04        9.95583e-01
5.79768e-04        9.95546e-01
5.82893e-04        9.95508e-01
5.86034e-04        9.95470e-01
5.89192e-04        9.95431e-01
5.92367e-04        9.95392e-01
5.95559e-04        9.95353e-01
5.98769e-04        9.95313e-01
6.01995e-04        9.95273e-01
6.05240e-04        9.95233e-01
6.08501e-04        9.95193e-01
6.11780e-04        9.95152e-01
6.15077e-04        9.95110e-01
6.18392e-04        9.95068e-01
6.21724e-04        9.95026e-01
6.25075e-04        9.94984e-01
6.28443e-04        9.94941e-01
6.31830e-04        9.94897e-01
6.35235e-04        9.94854e-01
6.38658e-04        9.94810e-01
6.42100e-04        9.94765e-01
6.45560e-04        9.94720e-01
6.49039e-04        9.94675e-01
6.52537e-04        9.94629e-01
6.56053e-04        9.94583e-01
6.59589e-04        9.94537e-01
6.63143e-04        9.94490e-01
6.66717e-04        9.94442e-01
6.70310e-04        9.94395e-01
6.73922e-04        9.94347e-01
6.77554e-04        9.94298e-01
6.81205e-04        9.94249e-01
6.84876e-04        9.94199e-01
6.88567e-04        9.94150e-01
6.92277e-04        9.94099e-01
6.96008e-04        9.94048e-01
6.99759e-04        9.93997e-01
7.03530e-04        9.93946e-01
7.07321e-04        9.93893e-01
7.11133e-04        9.93841e-01
7.14965e-04        9.93788e-01
7.18818e-04        9.93734e-01
7.22692e-04        9.93680e-01
7.26586e-04        9.93626e-01
7.30502e-04        9.93571e-01
7.34438e-04        9.93516e-01
7.38396e-04        9.93460e-01
7.42375e-04        9.93404e-01
7.46376e-04        9.93347e-01
7.50398e-04        9.93289e-01
7.54442e-04        9.93232e-01
7.58508e-04        9.93173e-01
7.62595e-04        9.93115e-01
7.66705e-04        9.93055e-01
7.70837e-04        9.92996e-01
7.74991e-04        9.92935e-01
7.79167e-04        9.92874e-01
7.83366e-04        9.92813e-01
7.87587e-04        9.92751e-01
7.91832e-04        9.92689e-01
7.96099e-04        9.92626e-01
8.00389e-04        9.92563e-01
8.04702e-04        9.92499e-01
8.09039e-04        9.92434e-01
8.13399e-04        9.92369e-01
8.17782e-04        9.92303e-01
8.22189e-04        9.92237e-01
8.26620e-04        9.92171e-01
8.31074e-04        9.92103e-01
8.35553e-04        9.92036e-01
8.40056e-04        9.91967e-01
8.44583e-04        9.91898e-01
8.49134e-04        9.91829e-01
8.53710e-04        9.91759e-01
8.58311e-04        9.91688e-01
8.62936e-04        9.91617e-01
8.67586e-04        9.91545e-01
8.72262e-04        9.91473e-01
8.76962e-04        9.91400e-01
8.81688e-04        9.91326e-01
8.86440e-04        9.91252e-01
8.91217e-04        9.91177e-01
8.96019e-04        9.91101e-01
9.00848e-04        9.91025e-01
9.05703e-04        9.90949e-01
9.10583e-04        9.90871e-01
9.15491e-04        9.90793e-01
9.20424e-04        9.90715e-01
9.25384e-04        9.90636e-01
9.30371e-04        9.90556e-01
9.35385e-04        9.90475e-01
9.40426e-04        9.90394e-01
9.45494e-04        9.90312e-01
9.50589e-04        9.90230e-01
9.55711e-04        9.90147e-01
9.60862e-04        9.90063e-01
9.66040e-04        9.89979e-01
9.71246e-04        9.89893e-01
9.76480e-04        9.89808e-01
9.81742e-04        9.89721e-01
9.87032e-04        9.89634e-01
9.92352e-04        9.89546e-01
9.97699e-04        9.89457e-01
1.00308e-03        9.89368e-01
1.00848e-03        9.89278e-01
1.01392e-03        9.89187e-01
1.01938e-03        9.89096e-01
1.02487e-03        9.89004e-01
1.03040e-03        9.88911e-01
1.03595e-03        9.88817e-01
1.04153e-03        9.88723e-01
1.04714e-03        9.88628e-01
1.05279e-03        9.88532e-01
1.05846e-03        9.88435e-01
1.06417e-03        9.88338e-01
1.06990e-03        9.88240e-01
1.07567e-03        9.88141e-01
1.08146e-03        9.88041e-01
1.08729e-03        9.87941e-01
1.09315e-03        9.87839e-01
1.09904e-03        9.87737e-01
1.10496e-03        9.87635e-01
1.11092e-03        9.87531e-01
1.11690e-03        9.87427e-01
1.12292e-03        9.87321e-01
1.12897e-03        9.87215e-01
1.13506e-03        9.87108e-01
1.14118e-03        9.87001e-01
1.14733e-03        9.86892e-01
1.15351e-03        9.86783e-01
1.15972e-03        9.86673e-01
1.16597e-03        9.86562e-01
1.17226e-03        9.86450e-01
1.17857e-03        9.86337e-01
1.18493e-03        9.86223e-01
1.19131e-03        9.86109e-01
1.19773e-03        9.85993e-01
1.20419e-03        9.85877e-01
1.21068e-03        9.85760e-01
1.21720e-03        9.85642e-01
1.22376e-03        9.85523e-01
1.23035e-03        9.85403e-01
1.23698e-03        9.85282e-01
1.24365e-03        9.85161e-01
1.25035e-03        9.85038e-01
1.25709e-03        9.84914e-01
1.26386e-03        9.84790e-01
1.27068e-03        9.84664e-01
1.27752e-03        9.84538e-01
1.28441e-03        9.84411e-01
1.29133e-03        9.84282e-01
1.29829e-03        9.84153e-01
1.30528e-03        9.84023e-01
1.31232e-03        9.83892e-01
1.31939e-03        9.83760e-01
1.32650e-03        9.83626e-01
1.33365e-03        9.83492e-01
1.34084e-03        9.83357e-01
1.34806e-03        9.83221e-01
1.35533e-03        9.83084e-01
1.36263e-03        9.82945e-01
1.36997e-03        9.82806e-01
1.37736e-03        9.82666e-01
1.38478e-03        9.82524e-01
1.39224e-03        9.82382e-01
1.39974e-03        9.82239e-01
1.40729e-03        9.82094e-01
1.41487e-03        9.81948e-01
1.42250e-03        9.81802e-01
1.43016e-03        9.81654e-01
1.43787e-03        9.81505e-01
1.44562e-03        9.81355e-01
1.45341e-03        9.81204e-01
1.46124e-03        9.81052e-01
1.46911e-03        9.80899e-01
1.47703e-03        9.80744e-01
1.48499e-03        9.80589e-01
1.49299e-03        9.80432e-01
1.50104e-03        9.80274e-01
1.50913e-03        9.80115e-01
1.51726e-03        9.79955e-01
1.52544e-03        9.79794e-01
1.53366e-03        9.79632e-01
1.54192e-03        9.79468e-01
1.55023e-03        9.79303e-01
1.55859e-03        9.79137e-01
1.56699e-03        9.78970e-01
1.57543e-03        9.78801e-01
1.58392e-03        9.78632e-01
1.59246e-03        9.78461e-01
1.60104e-03        9.78289e-01
1.60967e-03        9.78115e-01
1.61834e-03        9.77941e-01
1.62706e-03        9.77765e-01
1.63583e-03        9.77588e-01
1.64464e-03        9.77409e-01
1.65351e-03        9.77230e-01
1.66242e-03        9.77049e-01
1.67138e-03        9.76866e-01
1.68038e-03        9.76683e-01
1.68944e-03        9.76498e-01
1.69854e-03        9.76312e-01
1.70770e-03        9.76124e-01
1.71690e-03        9.75935e-01
1.72615e-03        9.75745e-01
1.73545e-03        9.75554e-01
1.74481e-03        9.75361e-01
1.75421e-03        9.75166e-01
1.76366e-03        9.74971e-01
1.77317e-03        9.74774e-01
1.78272e-03        9.74575e-01
1.79233e-03        9.74376e-01
1.80199e-03        9.74174e-01
1.81170e-03        9.73972e-01
1.82146e-03        9.73768e-01
1.83128e-03        9.73562e-01
1.84115e-03        9.73355e-01
1.85107e-03        9.73147e-01
1.86104e-03        9.72937e-01
1.87107e-03        9.72726e-01
1.88116e-03        9.72513e-01
1.89129e-03        9.72299e-01
1.90149e-03        9.72083e-01
1.91173e-03        9.71866e-01
1.92203e-03        9.71647e-01
1.93239e-03        9.71427e-01
1.94281e-03        9.71205e-01
1.95328e-03        9.70982e-01
1.96380e-03        9.70757e-01
1.97438e-03        9.70531e-01
1.98502e-03        9.70303e-01
1.99572e-03        9.70073e-01
2.00648e-03        9.69842e-01
2.01729e-03        9.69610e-01
2.02816e-03        9.69376e-01
2.03909e-03        9.69140e-01
2.05008e-03        9.68902e-01
2.06113e-03        9.68663e-01
2.07223e-03        9.68422e-01
2.08340e-03        9.68180e-01
2.09463e-03        9.67936e-01
2.10592e-03        9.67690e-01
2.11727e-03        9.67443e-01
2.12868e-03        9.67194e-01
2.14015e-03        9.66943e-01
2.15168e-03        9.66691e-01
2.16327e-03        9.66437e-01
2.17493e-03        9.66181e-01
2.18665e-03        9.65924e-01
2.19844e-03        9.65664e-01
2.21028e-03        9.65403e-01
2.22220e-03        9.65141e-01
2.23417e-03        9.64876e-01
2.24621e-03        9.64610e-01
2.25832e-03        9.64342e-01
2.27049e-03        9.64072e-01
2.28272e-03        9.63801e-01
2.29502e-03        9.63527e-01
2.30739e-03        9.63252e-01
2.31982e-03        9.62975e-01
2.33233e-03        9.62696e-01
2.34489e-03        9.62415e-01
2.35753e-03        9.62133e-01
2.37024e-03        9.61848e-01
2.38301e-03        9.61562e-01
2.39585e-03        9.61274e-01
2.40876e-03        9.60984e-01
2.42174e-03        9.60692e-01
2.43479e-03        9.60398e-01
2.44791e-03        9.60102e-01
2.46111e-03        9.59804e-01
2.47437e-03        9.59505e-01
2.48770e-03        9.59203e-01
2.50111e-03        9.58899e-01
2.51459e-03        9.58594e-01
2.52814e-03        9.58286e-01
2.54176e-03        9.57977e-01
2.55546e-03        9.57665e-01
2.56923e-03        9.57352e-01
2.58308e-03        9.57036e-01
2.59700e-03        9.56719e-01
2.61099e-03        9.56399e-01
2.62506e-03        9.56077e-01
2.63921e-03        9.55753e-01
2.65343e-03        9.55428e-01
2.66773e-03        9.55100e-01
2.68211e-03        9.54770e-01
2.69656e-03        9.54438e-01
2.71109e-03        9.54104e-01
2.72570e-03        9.53767e-01
2.74039e-03        9.53429e-01
2.75516e-03        9.53088e-01
2.77001e-03        9.52745e-01
2.78493e-03        9.52401e-01
2.79994e-03        9.52053e-01
2.81503e-03        9.51704e-01
2.83020e-03        9.51353e-01
2.84545e-03        9.50999e-01
2.86079e-03        9.50643e-01
2.87620e-03        9.50285e-01
2.89170e-03        9.49925e-01
2.90729e-03        9.49562e-01
2.92295e-03        9.49197e-01
2.93871e-03        9.48830e-01
2.95454e-03        9.48461e-01
2.97046e-03        9.48089e-01
2.98647e-03        9.47715e-01
3.00257e-03        9.47339e-01
3.01875e-03        9.46960e-01
3.03501e-03        9.46579e-01
3.05137e-03        9.46196e-01
3.06781e-03        9.45811e-01
3.08435e-03        9.45423e-01
3.10097e-03        9.45032e-01
3.11768e-03        9.44639e-01
3.13448e-03        9.44244e-01
3.15137e-03        9.43847e-01
3.16835e-03        9.43447e-01
3.18543e-03        9.43044e-01
3.20259e-03        9.42640e-01
3.21985e-03        9.42232e-01
3.23720e-03        9.41823e-01
3.25465e-03        9.41410e-01
3.27219e-03        9.40996e-01
3.28982e-03        9.40578e-01
3.30755e-03        9.40159e-01
3.32537e-03        9.39737e-01
3.34330e-03        9.39312e-01
3.36131e-03        9.38885e-01
3.37943e-03        9.38455e-01
3.39764e-03        9.38022e-01
3.41595e-03        9.37587e-01
3.43436e-03        9.37150e-01
3.45286e-03        9.36710e-01
3.47147e-03        9.36267e-01
3.49018e-03        9.35822e-01
3.50899e-03        9.35374e-01
3.52790e-03        9.34923e-01
3.54691e-03        9.34470e-01
3.56602e-03        9.34014e-01
3.58524e-03        9.33555e-01
3.60456e-03        9.33094e-01
3.62399e-03        9.32630e-01
3.64351e-03        9.32163e-01
3.66315e-03        9.31694e-01
3.68289e-03        9.31222e-01
3.70274e-03        9.30747e-01
3.72269e-03        9.30269e-01
3.74275e-03        9.29789e-01
3.76292e-03        9.29306e-01
3.78320e-03        9.28820e-01
3.80359e-03        9.28331e-01
3.82408e-03        9.27839e-01
3.84469e-03        9.27345e-01
3.86541e-03        9.26848e-01
3.88624e-03        9.26348e-01
3.90718e-03        9.25845e-01
3.92824e-03        9.25339e-01
3.94941e-03        9.24830e-01
3.97069e-03        9.24319e-01
3.99209e-03        9.23804e-01
4.01360e-03        9.23287e-01
4.03523e-03        9.22767e-01
4.05698e-03        9.22243e-01
4.07884e-03        9.21717e-01
4.10082e-03        9.21188e-01
4.12292e-03        9.20656e-01
4.14514e-03        9.20121e-01
4.16748e-03        9.19583e-01
4.18994e-03        9.19042e-01
4.21252e-03        9.18498e-01
4.23522e-03        9.17951e-01
4.25804e-03        9.17401e-01
4.28099e-03        9.16847e-01
4.30406e-03        9.16291e-01
4.32725e-03        9.15732e-01
4.35057e-03        9.15169e-01
4.37402e-03        9.14604e-01
4.39759e-03        9.14035e-01
4.42129e-03        9.13464e-01
4.44511e-03        9.12889e-01
4.46907e-03        9.12311e-01
4.49315e-03        9.11730e-01
4.51736e-03        9.11145e-01
4.54171e-03        9.10558e-01
4.56618e-03        9.09967e-01
4.59079e-03        9.09373e-01
4.61553e-03        9.08776e-01
4.64040e-03        9.08176e-01
4.66541e-03        9.07572e-01
4.69055e-03        9.06965e-01
4.71583e-03        9.06355e-01
4.74124e-03        9.05742e-01
4.76679e-03        9.05125e-01
4.79248e-03        9.04505e-01
4.81831e-03        9.03882e-01
4.84427e-03        9.03255e-01
4.87038e-03        9.02625e-01
4.89662e-03        9.01992e-01
4.92301e-03        9.01355e-01
4.94954e-03        9.00715e-01
4.97621e-03        9.00072e-01
5.00303e-03        8.99426e-01
5.02999e-03        8.98776e-01
5.05710e-03        8.98122e-01
5.08435e-03        8.97465e-01
5.11175e-03        8.96805e-01
5.13930e-03        8.96141e-01
5.16699e-03        8.95473e-01
5.19484e-03        8.94802e-01
5.22283e-03        8.94128e-01
5.25098e-03        8.93450e-01
5.27927e-03        8.92769e-01
5.30772e-03        8.92084e-01
5.33633e-03        8.91397e-01
5.36508e-03        8.90706e-01
5.39400e-03        8.90011e-01
5.42306e-03        8.89312e-01
5.45229e-03        8.88610e-01
5.48167e-03        8.87904e-01
5.51121e-03        8.87195e-01
5.54091e-03        8.86483e-01
5.57077e-03        8.85767e-01
5.60079e-03        8.85048e-01
5.63097e-03        8.84322e-01
5.66132e-03        8.83591e-01
5.69183e-03        8.82855e-01
5.72250e-03        8.82115e-01
5.75334e-03        8.81371e-01
5.78434e-03        8.80626e-01
5.81552e-03        8.79880e-01
5.84685e-03        8.79131e-01
5.87836e-03        8.78379e-01
5.91004e-03        8.77622e-01
5.94189e-03        8.76862e-01
5.97391e-03        8.76097e-01
6.00610e-03        8.75328e-01
6.03847e-03        8.74555e-01
6.07101e-03        8.73779e-01
6.10373e-03        8.72998e-01
6.13662e-03        8.72215e-01
6.16969e-03        8.71427e-01
6.20294e-03        8.70636e-01
6.23637e-03        8.69842e-01
6.26997e-03        8.69043e-01
6.30376e-03        8.68241e-01
6.33773e-03        8.67434e-01
6.37189e-03        8.66625e-01
6.40623e-03        8.65812e-01
6.44075e-03        8.64997e-01
6.47546e-03        8.64177e-01
6.51035e-03        8.63353e-01
6.54544e-03        8.62524e-01
6.58071e-03        8.61688e-01
6.61617e-03        8.60848e-01
6.65183e-03        8.60005e-01
6.68767e-03        8.59157e-01
6.72371e-03        8.58306e-01
6.75995e-03        8.57452e-01
6.79638e-03        8.56593e-01
6.83300e-03        8.55731e-01
6.86982e-03        8.54864e-01
6.90685e-03        8.53994e-01
6.94407e-03        8.53119e-01
6.98149e-03        8.52240e-01
7.01911e-03        8.51357e-01
7.05694e-03        8.50470e-01
7.09497e-03        8.49580e-01
7.13320e-03        8.48684e-01
7.17164e-03        8.47784e-01
7.21029e-03        8.46878e-01
7.24914e-03        8.45969e-01
7.28821e-03        8.45056e-01
7.32749e-03        8.44140e-01
7.36697e-03        8.43221e-01
7.40667e-03        8.42296e-01
7.44659e-03        8.41367e-01
7.48672e-03        8.40432e-01
7.52706e-03        8.39494e-01
7.56763e-03        8.38555e-01
7.60841e-03        8.37613e-01
7.64941e-03        8.36667e-01
7.69063e-03        8.35714e-01
7.73208e-03        8.34755e-01
7.77374e-03        8.33791e-01
7.81564e-03        8.32823e-01
7.85775e-03        8.31850e-01
7.90010e-03        8.30874e-01
7.94267e-03        8.29893e-01
7.98548e-03        8.28908e-01
8.02851e-03        8.27919e-01
8.07177e-03        8.26925e-01
8.11527e-03        8.25926e-01
8.15901e-03        8.24924e-01
8.20297e-03        8.23916e-01
8.24718e-03        8.22905e-01
8.29162e-03        8.21888e-01
8.33631e-03        8.20868e-01
8.38123e-03        8.19843e-01
8.42640e-03        8.18814e-01
8.47181e-03        8.17779e-01
8.51746e-03        8.16741e-01
8.56336e-03        8.15698e-01
8.60951e-03        8.14650e-01
8.65590e-03        8.13598e-01
8.70255e-03        8.12541e-01
8.74945e-03        8.11480e-01
8.79660e-03        8.10414e-01
8.84400e-03        8.09343e-01
8.89166e-03        8.08268e-01
8.93958e-03        8.07188e-01
8.98775e-03        8.06103e-01
9.03619e-03        8.05014e-01
9.08489e-03        8.03920e-01
9.13384e-03        8.02822e-01
9.18307e-03        8.01719e-01
9.23255e-03        8.00611e-01
9.28231e-03        7.99499e-01
9.33233e-03        7.98382e-01
9.38262e-03        7.97260e-01
9.43318e-03        7.96134e-01
9.48402e-03        7.95002e-01
9.53513e-03        7.93866e-01
9.58651e-03        7.92725e-01
9.63817e-03        7.91580e-01
9.69011e-03        7.90429e-01
9.74233e-03        7.89274e-01
9.79483e-03        7.88114e-01
9.84762e-03        7.86950e-01
9.90068e-03        7.85780e-01
9.95404e-03        7.84606e-01
1.00077e-02        7.83426e-01
1.00616e-02        7.82242e-01
1.01158e-02        7.81054e-01
1.01703e-02        7.79861e-01
1.02252e-02        7.78661e-01
1.02803e-02        7.77451e-01
1.03357e-02        7.76238e-01
1.03914e-02        7.75025e-01
1.04474e-02        7.73813e-01
1.05037e-02        7.72594e-01
1.05603e-02        7.71366e-01
1.06172e-02        7.70132e-01
1.06744e-02        7.68894e-01
1.07319e-02        7.67651e-01
1.07897e-02        7.66402e-01
1.08479e-02        7.65148e-01
1.09063e-02        7.63890e-01
1.09651e-02        7.62626e-01
1.10242e-02        7.61358e-01
1.10836e-02        7.60085e-01
1.11433e-02        7.58806e-01
1.12034e-02        7.57523e-01
1.12638e-02        7.56234e-01
1.13245e-02        7.54941e-01
1.13855e-02        7.53642e-01
1.14469e-02        7.52338e-01
1.15085e-02        7.51029e-01
1.15706e-02        7.49715e-01
1.16329e-02        7.48396e-01
1.16956e-02        7.47071e-01
1.17586e-02        7.45742e-01
1.18220e-02        7.44407e-01
1.18857e-02        7.43067e-01
1.19498e-02        7.41722e-01
1.20142e-02        7.40372e-01
1.20789e-02        7.39016e-01
1.21440e-02        7.37655e-01
1.22094e-02        7.36289e-01
1.22752e-02        7.34918e-01
1.23414e-02        7.33542e-01
1.24079e-02        7.32160e-01
1.24748e-02        7.30774e-01
1.25420e-02        7.29382e-01
1.26096e-02        7.27985e-01
1.26775e-02        7.26582e-01
1.27458e-02        7.25174e-01
1.28145e-02        7.23761e-01
1.28836e-02        7.22342e-01
1.29530e-02        7.20919e-01
1.30228e-02        7.19490e-01
1.30930e-02        7.18055e-01
1.31636e-02        7.16616e-01
1.32345e-02        7.15171e-01
1.33058e-02        7.13722e-01
1.33775e-02        7.12266e-01
1.34496e-02        7.10804e-01
1.35221e-02        7.09337e-01
1.35950e-02        7.07865e-01
1.36682e-02        7.06389e-01
1.37419e-02        7.04907e-01
1.38159e-02        7.03418e-01
1.38904e-02        7.01924e-01
1.39652e-02        7.00426e-01
1.40405e-02        6.98923e-01
1.41162e-02        6.97414e-01
1.41922e-02        6.95898e-01
1.42687e-02        6.94377e-01
1.43456e-02        6.92853e-01
1.44229e-02        6.91321e-01
1.45006e-02        6.89784e-01
1.45788e-02        6.88242e-01
1.46573e-02        6.86695e-01
1.47363e-02        6.85142e-01
1.48157e-02        6.83584e-01
1.48956e-02        6.82021e-01
1.49759e-02        6.80451e-01
1.50566e-02        6.78876e-01
1.51377e-02        6.77297e-01
1.52193e-02        6.75712e-01
1.53013e-02        6.74121e-01
1.53838e-02        6.72525e-01
1.54667e-02        6.70923e-01
1.55500e-02        6.69315e-01
1.56338e-02        6.67703e-01
1.57181e-02        6.66086e-01
1.58028e-02        6.64463e-01
1.58879e-02        6.62833e-01
1.59735e-02        6.61198e-01
1.60596e-02        6.59559e-01
1.61462e-02        6.57914e-01
1.62332e-02        6.56263e-01
1.63207e-02        6.54608e-01
1.64086e-02        6.52948e-01
1.64970e-02        6.51273e-01
1.65859e-02        6.49594e-01
1.66753e-02        6.47927e-01
1.67652e-02        6.46244e-01
1.68555e-02        6.44549e-01
1.69464e-02        6.42863e-01
1.70377e-02        6.41167e-01
1.71295e-02        6.39461e-01
1.72218e-02        6.37752e-01
1.73146e-02        6.36037e-01
1.74079e-02        6.34316e-01
1.75017e-02        6.32591e-01
1.75960e-02        6.30860e-01
1.76909e-02        6.29124e-01
1.77862e-02        6.27383e-01
1.78821e-02        6.25636e-01
1.79784e-02        6.23884e-01
1.80753e-02        6.22128e-01
1.81727e-02        6.20362e-01
1.82706e-02        6.18585e-01
1.83691e-02        6.16812e-01
1.84681e-02        6.15041e-01
1.85676e-02        6.13264e-01
1.86677e-02        6.11475e-01
1.87683e-02        6.09681e-01
1.88694e-02        6.07883e-01
1.89711e-02        6.06078e-01
1.90733e-02        6.04269e-01
1.91761e-02        6.02456e-01
1.92795e-02        6.00632e-01
1.93834e-02        5.98802e-01
1.94878e-02        5.96976e-01
1.95928e-02        5.95152e-01
1.96984e-02        5.93314e-01
1.98046e-02        5.91463e-01
1.99113e-02        5.89611e-01
2.00186e-02        5.87763e-01
2.01265e-02        5.85910e-01
2.02349e-02        5.84042e-01
2.03440e-02        5.82169e-01
2.04536e-02        5.80305e-01
2.05638e-02        5.78430e-01
2.06747e-02        5.76545e-01
2.07861e-02        5.74665e-01
2.08981e-02        5.72765e-01
2.10107e-02        5.70877e-01
2.11239e-02        5.68983e-01
2.12378e-02        5.67069e-01
2.13522e-02        5.65160e-01
2.14673e-02        5.63254e-01
2.15830e-02        5.61329e-01
2.16993e-02        5.59418e-01
2.18162e-02        5.57485e-01
2.19338e-02        5.55553e-01
2.20520e-02        5.53620e-01
2.21708e-02        5.51682e-01
2.22903e-02        5.49741e-01
2.24104e-02        5.47795e-01
2.25312e-02        5.45846e-01
2.26526e-02        5.43893e-01
2.27747e-02        5.41943e-01
2.28974e-02        5.39976e-01
2.30208e-02        5.38013e-01
2.31449e-02        5.36042e-01
2.32696e-02        5.34075e-01
2.33950e-02        5.32099e-01
2.35211e-02        5.30117e-01
2.36478e-02        5.28136e-01
2.37753e-02        5.26150e-01
2.39034e-02        5.24160e-01
2.40322e-02        5.22172e-01
2.41617e-02        5.20182e-01
2.42919e-02        5.18181e-01
2.44228e-02        5.16178e-01
2.45544e-02        5.14181e-01
2.46868e-02        5.12172e-01
2.48198e-02        5.10160e-01
2.49536e-02        5.08144e-01
2.50880e-02        5.06133e-01
2.52232e-02        5.04119e-01
2.53592e-02        5.02095e-01
2.54958e-02        5.00073e-01
2.56332e-02        4.98049e-01
2.57713e-02        4.96026e-01
2.59102e-02        4.93999e-01
2.60499e-02        4.91970e-01
2.61902e-02        4.89941e-01
2.63314e-02        4.87906e-01
2.64733e-02        4.85867e-01
2.66159e-02        4.83832e-01
2.67594e-02        4.81794e-01
2.69036e-02        4.79754e-01
2.70486e-02        4.77717e-01
2.71943e-02        4.75675e-01
2.73409e-02        4.73631e-01
2.74882e-02        4.71588e-01
2.76363e-02        4.69546e-01
2.77853e-02        4.67502e-01
2.79350e-02        4.65453e-01
2.80855e-02        4.63412e-01
2.82369e-02        4.61362e-01
2.83891e-02        4.59316e-01
2.85420e-02        4.57269e-01
2.86959e-02        4.55222e-01
2.88505e-02        4.53176e-01
2.90060e-02        4.51130e-01
2.91623e-02        4.49087e-01
2.93194e-02        4.47040e-01
2.94774e-02        4.44996e-01
2.96363e-02        4.42952e-01
2.97960e-02        4.40909e-01
2.99566e-02        4.38868e-01
3.01180e-02        4.36828e-01
3.02803e-02        4.34789e-01
3.04435e-02        4.32752e-01
3.06076e-02        4.30716e-01
3.07725e-02        4.28682e-01
3.09383e-02        4.26649e-01
3.11051e-02        4.24620e-01
3.12727e-02        4.22592e-01
3.14412e-02        4.20568e-01
3.16106e-02        4.18547e-01
3.17810e-02        4.16526e-01
3.19523e-02        4.14506e-01
3.21244e-02        4.12493e-01
3.22976e-02        4.10481e-01
3.24716e-02        4.08473e-01
3.26466e-02        4.06468e-01
3.28225e-02        4.04468e-01
3.29994e-02        4.02471e-01
3.31772e-02        4.00477e-01
3.33560e-02        3.98488e-01
3.35358e-02        3.96504e-01
3.37165e-02        3.94523e-01
3.38982e-02        3.92545e-01
3.40809e-02        3.90573e-01
3.42645e-02        3.88607e-01
3.44492e-02        3.86646e-01
3.46348e-02        3.84689e-01
3.48215e-02        3.82739e-01
3.50091e-02        3.80792e-01
3.51978e-02        3.78851e-01
3.53875e-02        3.76919e-01
3.55782e-02        3.74991e-01
3.57699e-02        3.73069e-01
3.59627e-02        3.71154e-01
3.61565e-02        3.69246e-01
3.63513e-02        3.67342e-01
3.65472e-02        3.65447e-01
3.67442e-02        3.63558e-01
3.69422e-02        3.61676e-01
3.71413e-02        3.59803e-01
3.73414e-02        3.57936e-01
3.75426e-02        3.56079e-01
3.77450e-02        3.54227e-01
3.79484e-02        3.52383e-01
3.81529e-02        3.50548e-01
3.83585e-02        3.48721e-01
3.85652e-02        3.46904e-01
3.87730e-02        3.45094e-01
3.89820e-02        3.43292e-01
3.91920e-02        3.41501e-01
3.94032e-02        3.39716e-01
3.96156e-02        3.37942e-01
3.98291e-02        3.36176e-01
4.00437e-02        3.34422e-01
4.02595e-02        3.32676e-01
4.04764e-02        3.30938e-01
4.06946e-02        3.29213e-01
4.09139e-02        3.27494e-01
4.11344e-02        3.25790e-01
4.13560e-02        3.24090e-01
4.15789e-02        3.22409e-01
4.18030e-02        3.20730e-01
4.20282e-02        3.19067e-01
4.22547e-02        3.17410e-01
4.24824e-02        3.15766e-01
4.27114e-02        3.14133e-01
4.29415e-02        3.12511e-01
4.31730e-02        3.10899e-01
4.34056e-02        3.09299e-01
4.36395e-02        3.07712e-01
4.38747e-02        3.06133e-01
4.41111e-02        3.04566e-01
4.43488e-02        3.03012e-01
4.45878e-02        3.01468e-01
4.48281e-02        2.99935e-01
4.50697e-02        2.98415e-01
4.53126e-02        2.96906e-01
4.55568e-02        2.95409e-01
4.58023e-02        2.93924e-01
4.60491e-02        2.92449e-01
4.62972e-02        2.90985e-01
4.65467e-02        2.89536e-01
4.67976e-02        2.88098e-01
4.70498e-02        2.86673e-01
4.73033e-02        2.85257e-01
4.75582e-02        2.83851e-01
4.78145e-02        2.82457e-01
4.80722e-02        2.81077e-01
4.83313e-02        2.79710e-01
4.85917e-02        2.78354e-01
4.88536e-02        2.77005e-01
4.91168e-02        2.75671e-01
4.93815e-02        2.74348e-01
4.96476e-02        2.73035e-01
4.99152e-02        2.71734e-01
5.01842e-02        2.70445e-01
5.04546e-02        2.69167e-01
5.07265e-02        2.67898e-01
5.09999e-02        2.66641e-01
5.12747e-02        2.65395e-01
5.15510e-02        2.64161e-01
5.18288e-02        2.62939e-01
5.21081e-02        2.61727e-01
5.23890e-02        2.60522e-01
5.26713e-02        2.59326e-01
5.29551e-02        2.58140e-01
5.32405e-02        2.56965e-01
5.35274e-02        2.55801e-01
5.38159e-02        2.54644e-01
5.41059e-02        2.53496e-01
5.43974e-02        2.52358e-01
5.46906e-02        2.51229e-01
5.49853e-02        2.50108e-01
5.52816e-02        2.48994e-01
5.55795e-02        2.47889e-01
5.58791e-02        2.46792e-01
5.61802e-02        2.45703e-01
5.64829e-02        2.44620e-01
5.67873e-02        2.43544e-01
5.70934e-02        2.42475e-01
5.74010e-02        2.41412e-01
5.77104e-02        2.40356e-01
5.80214e-02        2.39305e-01
5.83340e-02        2.38259e-01
5.86484e-02        2.37219e-01
5.89644e-02        2.36184e-01
5.92822e-02        2.35156e-01
5.96017e-02        2.34132e-01
5.99229e-02        2.33112e-01
6.02458e-02        2.32095e-01
6.05704e-02        2.31081e-01
6.08969e-02        2.30070e-01
6.12250e-02        2.29061e-01
6.15550e-02        2.28055e-01
6.18867e-02        2.27051e-01
6.22202e-02        2.26048e-01
6.25555e-02        2.25048e-01
6.28926e-02        2.24049e-01
6.32315e-02        2.23052e-01
6.35723e-02        2.22054e-01
6.39149e-02        2.21057e-01
6.42593e-02        2.20060e-01
6.46056e-02        2.19062e-01
6.49537e-02        2.18063e-01
6.53038e-02        2.17062e-01
6.56557e-02        2.16060e-01
6.60095e-02        2.15056e-01
6.63652e-02        2.14050e-01
6.67229e-02        2.13042e-01
6.70824e-02        2.12032e-01
6.74439e-02        2.11020e-01
6.78074e-02        2.10005e-01
6.81728e-02        2.08988e-01
6.85402e-02        2.07967e-01
6.89096e-02        2.06942e-01
6.92809e-02        2.05913e-01
6.96543e-02        2.04879e-01
7.00296e-02        2.03840e-01
7.04070e-02        2.02797e-01
7.07864e-02        2.01750e-01
7.11679e-02        2.00697e-01
7.15514e-02        1.99639e-01
7.19370e-02        1.98576e-01
7.23247e-02        1.97508e-01
7.27144e-02        1.96434e-01
7.31063e-02        1.95355e-01
7.35002e-02        1.94271e-01
7.38963e-02        1.93181e-01
7.42946e-02        1.92085e-01
7.46949e-02        1.90984e-01
7.50975e-02        1.89877e-01
7.55022e-02        1.88765e-01
7.59090e-02        1.87648e-01
7.63181e-02        1.86524e-01
7.67294e-02        1.85396e-01
7.71429e-02        1.84262e-01
7.75586e-02        1.83124e-01
7.79765e-02        1.81980e-01
7.83968e-02        1.80832e-01
7.88192e-02        1.79678e-01
7.92440e-02        1.78521e-01
7.96710e-02        1.77358e-01
8.01004e-02        1.76192e-01
8.05320e-02        1.75022e-01
8.09660e-02        1.73849e-01
8.14023e-02        1.72672e-01
8.18410e-02        1.71492e-01
8.22820e-02        1.70310e-01
8.27255e-02        1.69126e-01
8.31713e-02        1.67940e-01
8.36195e-02        1.66752e-01
8.40701e-02        1.65564e-01
8.45231e-02        1.64376e-01
8.49786e-02        1.63187e-01
8.54366e-02        1.61999e-01
8.58970e-02        1.60812e-01
8.63599e-02        1.59626e-01
8.68253e-02        1.58442e-01
8.72932e-02        1.57261e-01
8.77636e-02        1.56083e-01
8.82366e-02        1.54908e-01
8.87121e-02        1.53738e-01
8.91901e-02        1.52571e-01
8.96708e-02        1.51410e-01
9.01540e-02        1.50255e-01
9.06398e-02        1.49106e-01
9.11283e-02        1.47963e-01
9.16194e-02        1.46828e-01
9.21131e-02        1.45701e-01
9.26095e-02        1.44582e-01
9.31086e-02        1.43473e-01
9.36103e-02        1.42372e-01
9.41148e-02        1.41282e-01
9.46220e-02        1.40202e-01
9.51319e-02        1.39134e-01
9.56445e-02        1.38077e-01
9.61600e-02        1.37031e-01
9.66782e-02        1.35999e-01
9.71992e-02        1.34979e-01
9.77230e-02        1.33973e-01
9.82496e-02        1.32980e-01
9.87791e-02        1.32002e-01
9.93114e-02        1.31037e-01
9.98466e-02        1.30088e-01
1.00385e-01        1.29154e-01
1.00926e-01        1.28234e-01
1.01469e-01        1.27330e-01
1.02016e-01        1.26442e-01
1.02566e-01        1.25570e-01
1.03119e-01        1.24713e-01
1.03674e-01        1.23872e-01
1.04233e-01        1.23047e-01
1.04795e-01        1.22238e-01
1.05360e-01        1.21445e-01
1.05927e-01        1.20668e-01
1.06498e-01        1.19906e-01
1.07072e-01        1.19160e-01
1.07649e-01        1.18429e-01
1.08229e-01        1.17713e-01
1.08813e-01        1.17012e-01
1.09399e-01        1.16326e-01
1.09988e-01        1.15653e-01
1.10581e-01        1.14994e-01
1.11177e-01        1.14349e-01
1.11776e-01        1.13716e-01
1.12379e-01        1.13095e-01
1.12984e-01        1.12486e-01
1.13593e-01        1.11889e-01
1.14205e-01        1.11301e-01
1.14821e-01        1.10724e-01
1.15439e-01        1.10155e-01
1.16062e-01        1.09595e-01
1.16687e-01        1.09043e-01
1.17316e-01        1.08497e-01
1.17948e-01        1.07957e-01
1.18584e-01        1.07423e-01
1.19223e-01        1.06893e-01
1.19865e-01        1.06367e-01
1.20511e-01        1.05844e-01
1.21161e-01        1.05324e-01
1.21813e-01        1.04805e-01
1.22470e-01        1.04287e-01
1.23130e-01        1.03768e-01
1.23793e-01        1.03249e-01
1.24461e-01        1.02727e-01
1.25131e-01        1.02202e-01
1.25806e-01        1.01675e-01
1.26484e-01        1.01143e-01
1.27165e-01        1.00608e-01
1.27850e-01        1.00067e-01
1.28539e-01        9.95207e-02
1.29232e-01        9.89685e-02
1.29929e-01        9.84096e-02
1.30629e-01        9.78436e-02
1.31333e-01        9.72699e-02
1.32040e-01        9.66884e-02
1.32752e-01        9.60986e-02
1.33467e-01        9.55003e-02
1.34187e-01        9.48934e-02
1.34910e-01        9.42778e-02
1.35637e-01        9.36539e-02
1.36368e-01        9.30216e-02
1.37103e-01        9.23811e-02
1.37841e-01        9.17327e-02
1.38584e-01        9.10765e-02
1.39331e-01        9.04127e-02
1.40082e-01        8.97416e-02
1.40837e-01        8.90637e-02
1.41596e-01        8.83795e-02
1.42359e-01        8.76898e-02
1.43126e-01        8.69951e-02
1.43897e-01        8.62962e-02
1.44673e-01        8.55937e-02
1.45452e-01        8.48881e-02
1.46236e-01        8.41800e-02
1.47024e-01        8.34702e-02
1.47817e-01        8.27596e-02
1.48613e-01        8.20495e-02
1.49414e-01        8.13407e-02
1.50219e-01        8.06342e-02
1.51029e-01        7.99311e-02
1.51843e-01        7.92321e-02
1.52661e-01        7.85381e-02
1.53484e-01        7.78500e-02
1.54311e-01        7.71687e-02
1.55142e-01        7.64950e-02
1.55978e-01        7.58299e-02
1.56819e-01        7.51742e-02
1.57664e-01        7.45286e-02
1.58514e-01        7.38937e-02
1.59368e-01        7.32703e-02
1.60227e-01        7.26590e-02
1.61090e-01        7.20602e-02
1.61958e-01        7.14745e-02
1.62831e-01        7.09025e-02
1.63709e-01        7.03444e-02
1.64591e-01        6.98002e-02
1.65478e-01        6.92703e-02
1.66369e-01        6.87546e-02
1.67266e-01        6.82530e-02
1.68167e-01        6.77656e-02
1.69074e-01        6.72920e-02
1.69985e-01        6.68322e-02
1.70901e-01        6.63856e-02
1.71822e-01        6.59519e-02
1.72748e-01        6.55305e-02
1.73679e-01        6.51208e-02
1.74615e-01        6.47219e-02
1.75556e-01        6.43331e-02
1.76502e-01        6.39535e-02
1.77453e-01        6.35823e-02
1.78409e-01        6.32185e-02
1.79371e-01        6.28614e-02
1.80337e-01        6.25101e-02
1.81309e-01        6.21638e-02
1.82286e-01        6.18216e-02
1.83268e-01        6.14827e-02
1.84256e-01        6.11458e-02
1.85249e-01        6.08100e-02
1.86247e-01        6.04741e-02
1.87251e-01        6.01371e-02
1.88260e-01        5.97978e-02
1.89275e-01        5.94552e-02
1.90295e-01        5.91086e-02
1.91320e-01        5.87576e-02
1.92351e-01        5.84014e-02
1.93388e-01        5.80393e-02
1.94430e-01        5.76705e-02
1.95478e-01        5.72942e-02
1.96531e-01        5.69105e-02
1.97590e-01        5.65196e-02
1.98655e-01        5.61218e-02
1.99725e-01        5.57171e-02
2.00802e-01        5.53054e-02
2.01884e-01        5.48866e-02
2.02972e-01        5.44612e-02
2.04066e-01        5.40298e-02
2.05165e-01        5.35930e-02
2.06271e-01        5.31516e-02
2.07383e-01        5.27065e-02
2.08500e-01        5.22586e-02
2.09624e-01        5.18086e-02
2.10753e-01        5.13577e-02
2.11889e-01        5.09066e-02
2.13031e-01        5.04562e-02
2.14179e-01        5.00076e-02
2.15333e-01        4.95616e-02
2.16494e-01        4.91190e-02
2.17660e-01        4.86808e-02
2.18833e-01        4.82477e-02
2.20013e-01        4.78206e-02
2.21198e-01        4.74000e-02
2.22390e-01        4.69868e-02
2.23589e-01        4.65816e-02
2.24794e-01        4.61849e-02
2.26005e-01        4.57973e-02
2.27223e-01        4.54193e-02
2.28447e-01        4.50513e-02
2.29679e-01        4.46930e-02
2.30916e-01        4.43442e-02
2.32161e-01        4.40051e-02
2.33412e-01        4.36760e-02
2.34670e-01        4.33569e-02
2.35934e-01        4.30472e-02
2.37206e-01        4.27461e-02
2.38484e-01        4.24531e-02
2.39769e-01        4.21679e-02
2.41061e-01        4.18899e-02
2.42360e-01        4.16182e-02
2.43666e-01        4.13516e-02
2.44979e-01        4.10890e-02
2.46300e-01        4.08296e-02
2.47627e-01        4.05725e-02
2.48961e-01        4.03172e-02
2.50303e-01        4.00629e-02
2.51652e-01        3.98088e-02
2.53008e-01        3.95535e-02
2.54372e-01        3.92961e-02
2.55742e-01        3.90362e-02
2.57121e-01        3.87736e-02
2.58506e-01        3.85078e-02
2.59899e-01        3.82386e-02
2.61300e-01        3.79655e-02
2.62708e-01        3.76885e-02
2.64124e-01        3.74074e-02
2.65547e-01        3.71223e-02
2.66978e-01        3.68335e-02
2.68417e-01        3.65412e-02
2.69863e-01        3.62456e-02
2.71318e-01        3.59472e-02
2.72780e-01        3.56463e-02
2.74250e-01        3.53437e-02
2.75728e-01        3.50404e-02
2.77213e-01        3.47372e-02
2.78707e-01        3.44344e-02
2.80209e-01        3.41325e-02
2.81719e-01        3.38326e-02
2.83237e-01        3.35359e-02
2.84764e-01        3.32430e-02
2.86298e-01        3.29547e-02
2.87841e-01        3.26714e-02
2.89392e-01        3.23934e-02
2.90952e-01        3.21212e-02
2.92520e-01        3.18551e-02
2.94096e-01        3.15954e-02
2.95681e-01        3.13421e-02
2.97275e-01        3.10951e-02
2.98877e-01        3.08542e-02
3.00487e-01        3.06192e-02
3.02106e-01        3.03900e-02
3.03735e-01        3.01660e-02
3.05371e-01        2.99462e-02
3.07017e-01        2.97302e-02
3.08671e-01        2.95180e-02
3.10335e-01        2.93092e-02
3.12007e-01        2.91031e-02
3.13689e-01        2.88988e-02
3.15379e-01        2.86951e-02
3.17079e-01        2.84919e-02
3.18787e-01        2.82893e-02
3.20505e-01        2.80865e-02
3.22233e-01        2.78825e-02
3.23969e-01        2.76770e-02
3.25715e-01        2.74700e-02
3.27470e-01        2.72611e-02
3.29235e-01        2.70501e-02
3.31009e-01        2.68378e-02
3.32793e-01        2.66242e-02
3.34586e-01        2.64086e-02
3.36389e-01        2.61918e-02
3.38202e-01        2.59749e-02
3.40025e-01        2.57578e-02
3.41857e-01        2.55404e-02
3.43699e-01        2.53236e-02
3.45552e-01        2.51082e-02
3.47414e-01        2.48945e-02
3.49286e-01        2.46825e-02
3.51168e-01        2.44726e-02
3.53061e-01        2.42655e-02
3.54963e-01        2.40617e-02
3.56876e-01        2.38611e-02
3.58799e-01        2.36638e-02
3.60733e-01        2.34705e-02
3.62677e-01        2.32810e-02
3.64631e-01        2.30948e-02
3.66596e-01        2.29123e-02
3.68572e-01        2.27336e-02
3.70558e-01        2.25579e-02
3.72555e-01        2.23850e-02
3.74563e-01        2.22143e-02
3.76581e-01        2.20456e-02
3.78611e-01        2.18783e-02
3.80651e-01        2.17118e-02
3.82702e-01        2.15462e-02
3.84765e-01        2.13814e-02
3.86838e-01        2.12170e-02
3.88923e-01        2.10525e-02
3.91019e-01        2.08879e-02
3.93126e-01        2.07232e-02
3.95244e-01        2.05585e-02
3.97374e-01        2.03937e-02
3.99516e-01        2.02285e-02
4.01669e-01        2.00631e-02
4.03833e-01        1.98976e-02
4.06009e-01        1.97324e-02
4.08197e-01        1.95678e-02
4.10397e-01        1.94041e-02
4.12609e-01        1.92414e-02
4.14832e-01        1.90800e-02
4.17068e-01        1.89203e-02
4.19315e-01        1.87623e-02
4.21575e-01        1.86062e-02
4.23847e-01        1.84520e-02
4.26131e-01        1.82998e-02
4.28427e-01        1.81496e-02
4.30736e-01        1.80014e-02
4.33057e-01        1.78552e-02
4.35391e-01        1.77109e-02
4.37737e-01        1.75685e-02
4.40096e-01        1.74278e-02
4.42468e-01        1.72887e-02
4.44853e-01        1.71511e-02
4.47250e-01        1.70147e-02
4.49660e-01        1.68793e-02
4.52083e-01        1.67447e-02
4.54519e-01        1.66107e-02
4.56969e-01        1.64771e-02
4.59431e-01        1.63440e-02
4.61907e-01        1.62112e-02
4.64397e-01        1.60788e-02
4.66899e-01        1.59468e-02
4.69415e-01        1.58153e-02
4.71945e-01        1.56843e-02
4.74488e-01        1.55539e-02
4.77045e-01        1.54241e-02
4.79616e-01        1.52951e-02
4.82201e-01        1.51670e-02
4.84799e-01        1.50399e-02
4.87412e-01        1.49141e-02
4.90038e-01        1.47895e-02
4.92679e-01        1.46663e-02
4.95334e-01        1.45447e-02
4.98004e-01        1.44245e-02
5.00687e-01        1.43058e-02
5.03385e-01        1.41884e-02
5.06098e-01        1.40721e-02
5.08825e-01        1.39570e-02
5.11568e-01        1.38428e-02
5.14324e-01        1.37296e-02
5.17096e-01        1.36172e-02
5.19883e-01        1.35056e-02
5.22684e-01        1.33947e-02
5.25501e-01        1.32844e-02
5.28333e-01        1.31746e-02
5.31180e-01        1.30654e-02
5.34043e-01        1.29567e-02
5.36920e-01        1.28485e-02
5.39814e-01        1.27410e-02
5.42723e-01        1.26342e-02
5.45648e-01        1.25283e-02
5.48588e-01        1.24232e-02
5.51544e-01        1.23191e-02
5.54517e-01        1.22159e-02
5.57505e-01        1.21135e-02
5.60509e-01        1.20121e-02
5.63530e-01        1.19116e-02
5.66567e-01        1.18120e-02
5.69620e-01        1.17134e-02
5.72690e-01        1.16158e-02
5.75776e-01        1.15191e-02
5.78879e-01        1.14232e-02
5.81998e-01        1.13280e-02
5.85135e-01        1.12335e-02
5.88288e-01        1.11397e-02
5.91458e-01        1.10465e-02
5.94645e-01        1.09540e-02
5.97850e-01        1.08622e-02
6.01072e-01        1.07711e-02
6.04311e-01        1.06806e-02
6.07567e-01        1.05906e-02
6.10842e-01        1.05013e-02
6.14133e-01        1.04126e-02
6.17443e-01        1.03246e-02
6.20770e-01        1.02374e-02
6.24116e-01        1.01510e-02
6.27479e-01        1.00653e-02
6.30860e-01        9.98042e-03
6.34260e-01        9.89623e-03
6.37678e-01        9.81271e-03
6.41115e-01        9.72989e-03
6.44570e-01        9.64779e-03
6.48043e-01        9.56641e-03
6.51535e-01        9.48572e-03
6.55046e-01        9.40568e-03
6.58576e-01        9.32621e-03
6.62125e-01        9.24729e-03
6.65694e-01        9.16893e-03
6.69281e-01        9.09118e-03
6.72888e-01        9.01403e-03
6.76514e-01        8.93756e-03
6.80160e-01        8.86170e-03
6.83825e-01        8.78642e-03
6.87510e-01        8.71170e-03
6.91215e-01        8.63755e-03
6.94940e-01        8.56401e-03
6.98685e-01        8.49117e-03
7.02450e-01        8.41895e-03
7.06236e-01        8.34738e-03
7.10042e-01        8.27636e-03
7.13868e-01        8.20589e-03
7.17715e-01        8.13593e-03
7.21583e-01        8.06658e-03
7.25471e-01        7.99782e-03
7.29381e-01        7.92965e-03
7.33311e-01        7.86202e-03
7.37263e-01        7.79487e-03
7.41236e-01        7.72823e-03
7.45231e-01        7.66211e-03
7.49247e-01        7.59654e-03
7.53284e-01        7.53158e-03
7.57344e-01        7.46713e-03
7.61425e-01        7.40319e-03
7.65528e-01        7.33978e-03
7.69654e-01        7.27688e-03
7.73801e-01        7.21450e-03
7.77971e-01        7.15263e-03
7.82164e-01        7.09126e-03
7.86379e-01        7.03040e-03
7.90617e-01        6.97003e-03
7.94877e-01        6.91015e-03
7.99161e-01        6.85077e-03
8.03468e-01        6.79187e-03
8.07797e-01        6.73346e-03
8.12151e-01        6.67552e-03
8.16527e-01        6.61806e-03
8.20927e-01        6.56107e-03
8.25351e-01        6.50454e-03
8.29799e-01        6.44848e-03
8.34271e-01        6.39288e-03
8.38767e-01        6.33774e-03
8.43287e-01        6.28305e-03
8.47831e-01        6.22881e-03
8.52400e-01        6.17502e-03
8.56994e-01        6.12167e-03
8.61612e-01        6.06876e-03
8.66255e-01        6.01629e-03
8.70923e-01        5.96425e-03
8.75617e-01        5.91264e-03
8.80336e-01        5.86146e-03
8.85080e-01        5.81071e-03
8.89849e-01        5.76037e-03
8.94645e-01        5.71045e-03
8.99466e-01        5.66095e-03
9.04313e-01        5.61185e-03
9.09186e-01        5.56317e-03
9.14086e-01        5.51489e-03
9.19012e-01        5.46701e-03
9.23964e-01        5.41953e-03
9.28944e-01        5.37245e-03
9.33950e-01        5.32575e-03
9.38983e-01        5.27945e-03
9.44043e-01        5.23354e-03
9.49130e-01        5.18801e-03
9.54245e-01        5.14286e-03
9.59387e-01        5.09808e-03
9.64557e-01        5.05368e-03
9.69755e-01        5.00965e-03
9.74981e-01        4.96600e-03
9.80236e-01        4.92270e-03
9.85518e-01        4.87977e-03
9.90829e-01        4.83720e-03
9.96168e-01        4.79498e-03
1.00154e+00        4.75312e-03
1.00693e+00        4.71161e-03
1.01236e+00        4.67045e-03
1.01782e+00        4.62963e-03
1.02330e+00        4.58915e-03
1.02882e+00        4.54902e-03
1.03436e+00        4.50922e-03
1.03993e+00        4.46976e-03
1.04554e+00        4.43062e-03
1.05117e+00        4.39182e-03
1.05684e+00        4.35334e-03
1.06253e+00        4.31519e-03
1.06826e+00        4.27736e-03
1.07401e+00        4.23985e-03
1.07980e+00        4.20265e-03
1.08562e+00        4.16577e-03
1.09147e+00        4.12919e-03
1.09735e+00        4.09293e-03
1.10327e+00        4.05697e-03
1.10921e+00        4.02131e-03
1.11519e+00        3.98596e-03
1.12120e+00        3.95090e-03
1.12724e+00        3.91615e-03
1.13332e+00        3.88168e-03
1.13942e+00        3.84751e-03
1.14556e+00        3.81362e-03
1.15174e+00        3.78003e-03
1.15794e+00        3.74671e-03
1.16419e+00        3.71368e-03
1.17046e+00        3.68094e-03
1.17677e+00        3.64846e-03
1.18311e+00        3.61627e-03
1.18948e+00        3.58435e-03
1.19589e+00        3.55269e-03
1.20234e+00        3.52131e-03
1.20882e+00        3.49020e-03
1.21533e+00        3.45935e-03
1.22188e+00        3.42876e-03
1.22847e+00        3.39843e-03
1.23509e+00        3.36836e-03
1.24174e+00        3.33855e-03
1.24843e+00        3.30900e-03
1.25516e+00        3.27969e-03
1.26193e+00        3.25064e-03
1.26873e+00        3.22183e-03
1.27556e+00        3.19327e-03
1.28244e+00        3.16495e-03
1.28935e+00        3.13688e-03
1.29630e+00        3.10904e-03
1.30328e+00        3.08145e-03
1.31031e+00        3.05409e-03
1.31737e+00        3.02697e-03
1.32447e+00        3.00007e-03
1.33160e+00        2.97341e-03
1.33878e+00        2.94698e-03
1.34599e+00        2.92078e-03
1.35325e+00        2.89479e-03
1.36054e+00        2.86904e-03
1.36787e+00        2.84350e-03
1.37524e+00        2.81819e-03
1.38265e+00        2.79309e-03
1.39011e+00        2.76821e-03
1.39760e+00        2.74354e-03
1.40513e+00        2.71908e-03
1.41270e+00        2.69484e-03
1.42031e+00        2.67080e-03
1.42797e+00        2.64698e-03
1.43566e+00        2.62335e-03
1.44340e+00        2.59994e-03
1.45118e+00        2.57672e-03
1.45900e+00        2.55370e-03
1.46686e+00        2.53089e-03
1.47477e+00        2.50827e-03
1.48271e+00        2.48584e-03
1.49070e+00        2.46361e-03
1.49874e+00        2.44158e-03
1.50681e+00        2.41973e-03
1.51493e+00        2.39807e-03
1.52310e+00        2.37660e-03
1.53130e+00        2.35532e-03
1.53956e+00        2.33422e-03
1.54785e+00        2.31331e-03
1.55620e+00        2.29257e-03
1.56458e+00        2.27202e-03
1.57301e+00        2.25164e-03
1.58149e+00        2.23144e-03
1.59001e+00        2.21142e-03
1.59858e+00        2.19157e-03
1.60720e+00        2.17190e-03
1.61586e+00        2.15239e-03
1.62456e+00        2.13306e-03
1.63332e+00        2.11389e-03
1.64212e+00        2.09489e-03
1.65097e+00        2.07606e-03
1.65987e+00        2.05739e-03
1.66881e+00        2.03888e-03
1.67781e+00        2.02054e-03
1.68685e+00        2.00235e-03
1.69594e+00        1.98432e-03
1.70508e+00        1.96646e-03
1.71427e+00        1.94874e-03
1.72350e+00        1.93119e-03
1.73279e+00        1.91378e-03
1.74213e+00        1.89653e-03
1.75152e+00        1.87943e-03
1.76096e+00        1.86248e-03
1.77045e+00        1.84567e-03
1.77999e+00        1.82902e-03
1.78958e+00        1.81251e-03
1.79922e+00        1.79614e-03
1.80892e+00        1.77992e-03
1.81867e+00        1.76384e-03
1.82847e+00        1.74790e-03
1.83832e+00        1.73211e-03
1.84823e+00        1.71645e-03
1.85819e+00        1.70093e-03
1.86820e+00        1.68554e-03
1.87827e+00        1.67029e-03
1.88839e+00        1.65517e-03
1.89857e+00        1.64019e-03
1.90880e+00        1.62534e-03
1.91909e+00        1.61062e-03
1.92943e+00        1.59603e-03
1.93983e+00        1.58156e-03
1.95028e+00        1.56723e-03
1.96079e+00        1.55302e-03
1.97136e+00        1.53894e-03
1.98198e+00        1.52498e-03
1.99266e+00        1.51114e-03
2.00340e+00        1.49743e-03
2.01419e+00        1.48383e-03
2.02505e+00        1.47036e-03
2.03596e+00        1.45701e-03
2.04693e+00        1.44377e-03
2.05796e+00        1.43065e-03
2.06905e+00        1.41765e-03
2.08020e+00        1.40476e-03
2.09141e+00        1.39199e-03
2.10269e+00        1.37933e-03
2.11402e+00        1.36678e-03
2.12541e+00        1.35434e-03
2.13686e+00        1.34201e-03
2.14838e+00        1.32980e-03
2.15996e+00        1.31769e-03
2.17160e+00        1.30568e-03
2.18330e+00        1.29379e-03
2.19506e+00        1.28200e-03
2.20689e+00        1.27031e-03
2.21879e+00        1.25873e-03
2.23074e+00        1.24725e-03
2.24276e+00        1.23587e-03
2.25485e+00        1.22460e-03
2.26700e+00        1.21342e-03
2.27922e+00        1.20234e-03
2.29150e+00        1.19137e-03
2.30385e+00        1.18049e-03
2.31627e+00        1.16970e-03
2.32875e+00        1.15901e-03
2.34130e+00        1.14842e-03
2.35391e+00        1.13792e-03
2.36660e+00        1.12752e-03
2.37935e+00        1.11721e-03
2.39217e+00        1.10699e-03
2.40507e+00        1.09686e-03
2.41803e+00        1.08682e-03
2.43106e+00        1.07687e-03
2.44416e+00        1.06701e-03
2.45733e+00        1.05724e-03
2.47057e+00        1.04756e-03
2.48389e+00        1.03796e-03
2.49727e+00        1.02845e-03
2.51073e+00        1.01902e-03
2.52426e+00        1.00968e-03
2.53786e+00        1.00042e-03
2.55154e+00        9.91245e-04
2.56529e+00        9.82151e-04
2.57911e+00        9.73138e-04
2.59301e+00        9.64206e-04
2.60699e+00        9.55354e-04
2.62104e+00        9.46582e-04
2.63516e+00        9.37888e-04
2.64936e+00        9.29272e-04
2.66364e+00        9.20734e-04
2.67799e+00        9.12272e-04
2.69242e+00        9.03886e-04
2.70693e+00        8.95575e-04
2.72152e+00        8.87339e-04
2.73619e+00        8.79177e-04
2.75093e+00        8.71088e-04
2.76576e+00        8.63072e-04
2.78066e+00        8.55128e-04
2.79565e+00        8.47256e-04
2.81071e+00        8.39454e-04
2.82586e+00        8.31722e-04
2.84109e+00        8.24060e-04
2.85640e+00        8.16467e-04
2.87179e+00        8.08943e-04
2.88727e+00        8.01486e-04
2.90283e+00        7.94096e-04
2.91847e+00        7.86773e-04
2.93420e+00        7.79516e-04
2.95001e+00        7.72325e-04
2.96591e+00        7.65198e-04
2.98189e+00        7.58136e-04
2.99796e+00        7.51137e-04
3.01411e+00        7.44201e-04
3.03036e+00        7.37328e-04
3.04669e+00        7.30518e-04
3.06311e+00        7.23768e-04
3.07961e+00        7.17080e-04
3.09621e+00        7.10452e-04
3.11289e+00        7.03884e-04
3.12967e+00        6.97376e-04
3.14654e+00        6.90926e-04
3.16349e+00        6.84535e-04
3.18054e+00        6.78201e-04
3.19768e+00        6.71925e-04
3.21491e+00        6.65706e-04
3.23224e+00        6.59543e-04
3.24966e+00        6.53436e-04
3.26717e+00        6.47384e-04
3.28477e+00        6.41387e-04
3.30248e+00        6.35445e-04
3.32027e+00        6.29556e-04
3.33817e+00        6.23721e-04
3.35615e+00        6.17939e-04
3.37424e+00        6.12209e-04
3.39242e+00        6.06531e-04
3.41071e+00        6.00905e-04
3.42909e+00        5.95330e-04
3.44757e+00        5.89805e-04
3.46614e+00        5.84331e-04
3.48482e+00        5.78906e-04
3.50360e+00        5.73531e-04
3.52248e+00        5.68205e-04
3.54147e+00        5.62927e-04
3.56055e+00        5.57697e-04
3.57974e+00        5.52515e-04
3.59903e+00        5.47380e-04
3.61842e+00        5.42291e-04
3.63792e+00        5.37249e-04
3.65753e+00        5.32253e-04
3.67724e+00        5.27303e-04
3.69706e+00        5.22397e-04
3.71698e+00        5.17537e-04
3.73701e+00        5.12720e-04
3.75715e+00        5.07948e-04
3.77739e+00        5.03219e-04
3.79775e+00        4.98533e-04
3.81822e+00        4.93890e-04
3.83879e+00        4.89289e-04
3.85948e+00        4.84731e-04
3.88028e+00        4.80214e-04
3.90119e+00        4.75738e-04
3.92221e+00        4.71303e-04
3.94335e+00        4.66909e-04
3.96460e+00        4.62555e-04
3.98597e+00        4.58240e-04
4.00745e+00        4.53966e-04
4.02904e+00        4.49730e-04
4.05075e+00        4.45533e-04
4.07258e+00        4.41374e-04
4.09453e+00        4.37254e-04
4.11660e+00        4.33171e-04
4.13878e+00        4.29125e-04
4.16108e+00        4.25117e-04
4.18351e+00        4.21145e-04
4.20605e+00        4.17210e-04
4.22872e+00        4.13311e-04
4.25151e+00        4.09448e-04
4.27442e+00        4.05620e-04
4.29745e+00        4.01827e-04
4.32061e+00        3.98069e-04
4.34389e+00        3.94345e-04
4.36730e+00        3.90656e-04
4.39084e+00        3.87000e-04
4.41450e+00        3.83378e-04
4.43829e+00        3.79789e-04
4.46221e+00        3.76234e-04
4.48626e+00        3.72711e-04
4.51043e+00        3.69220e-04
4.53474e+00        3.65761e-04
4.55918e+00        3.62335e-04
4.58374e+00        3.58940e-04
4.60845e+00        3.55576e-04
4.63328e+00        3.52242e-04
4.65825e+00        3.48940e-04
4.68335e+00        3.45668e-04
4.70859e+00        3.42426e-04
4.73397e+00        3.39214e-04
4.75948e+00        3.36032e-04
4.78513e+00        3.32879e-04
4.81091e+00        3.29755e-04
4.83684e+00        3.26660e-04
4.86290e+00        3.23593e-04
4.88911e+00        3.20555e-04
4.91546e+00        3.17544e-04
4.94195e+00        3.14562e-04
4.96858e+00        3.11607e-04
4.99535e+00        3.08679e-04
5.02227e+00        3.05779e-04
5.04934e+00        3.02905e-04
5.07655e+00        3.00057e-04
5.10391e+00        2.97236e-04
5.13141e+00        2.94441e-04
5.15906e+00        2.91672e-04
5.18687e+00        2.88929e-04
5.21482e+00        2.86210e-04
5.24292e+00        2.83517e-04
5.27117e+00        2.80849e-04
5.29958e+00        2.78206e-04
5.32814e+00        2.75587e-04
5.35685e+00        2.72992e-04
5.38572e+00        2.70422e-04
5.41474e+00        2.67875e-04
5.44392e+00        2.65351e-04
5.47326e+00        2.62851e-04
5.50276e+00        2.60375e-04
5.53241e+00        2.57921e-04
5.56222e+00        2.55490e-04
5.59220e+00        2.53081e-04
5.62233e+00        2.50695e-04
5.65263e+00        2.48331e-04
5.68309e+00        2.45989e-04
5.71372e+00        2.43669e-04
5.74451e+00        2.41370e-04
5.77547e+00        2.39092e-04
5.80659e+00        2.36836e-04
5.83788e+00        2.34601e-04
5.86934e+00        2.32386e-04
5.90097e+00        2.30192e-04
5.93277e+00        2.28018e-04
5.96474e+00        2.25865e-04
5.99689e+00        2.23731e-04
6.02921e+00        2.21618e-04
6.06170e+00        2.19523e-04
6.09436e+00        2.17449e-04
6.12721e+00        2.15394e-04
6.16022e+00        2.13358e-04
6.19342e+00        2.11340e-04
6.22680e+00        2.09342e-04
6.26035e+00        2.07362e-04
6.29409e+00        2.05401e-04
6.32801e+00        2.03457e-04
6.36211e+00        2.01532e-04
6.39640e+00        1.99625e-04
6.43087e+00        1.97736e-04
6.46552e+00        1.95864e-04
6.50036e+00        1.94010e-04
6.53539e+00        1.92173e-04
6.57061e+00        1.90353e-04
6.60602e+00        1.88550e-04
6.64162e+00        1.86764e-04
6.67741e+00        1.84994e-04
6.71340e+00        1.83241e-04
6.74957e+00        1.81504e-04
6.78595e+00        1.79784e-04
6.82252e+00        1.78080e-04
6.85928e+00        1.76391e-04
6.89625e+00        1.74718e-04
6.93341e+00        1.73061e-04
6.97078e+00        1.71420e-04
7.00834e+00        1.69793e-04
7.04611e+00        1.68182e-04
7.08408e+00        1.66586e-04
7.12226e+00        1.65005e-04
7.16064e+00        1.63439e-04
7.19923e+00        1.61887e-04
7.23802e+00        1.60350e-04
7.27703e+00        1.58827e-04
7.31624e+00        1.57318e-04
7.35567e+00        1.55824e-04
7.39531e+00        1.54344e-04
7.43516e+00        1.52877e-04
7.47523e+00        1.51424e-04
7.51551e+00        1.49985e-04
7.55601e+00        1.48559e-04
7.59673e+00        1.47147e-04
7.63767e+00        1.45747e-04
7.67883e+00        1.44361e-04
7.72021e+00        1.42988e-04
7.76182e+00        1.41628e-04
7.80364e+00        1.40281e-04
7.84570e+00        1.38946e-04
7.88798e+00        1.37624e-04
7.93049e+00        1.36314e-04
7.97322e+00        1.35016e-04
8.01619e+00        1.33731e-04
8.05939e+00        1.32457e-04
8.10282e+00        1.31196e-04
8.14649e+00        1.29946e-04
8.19039e+00        1.28709e-04
8.23452e+00        1.27483e-04
8.27890e+00        1.26268e-04
8.32352e+00        1.25065e-04
8.36837e+00        1.23873e-04
8.41347e+00        1.22692e-04
8.45881e+00        1.21522e-04
8.50439e+00        1.20364e-04
8.55022e+00        1.19216e-04
8.59630e+00        1.18079e-04
8.64262e+00        1.16953e-04
8.68920e+00        1.15837e-04
8.73602e+00        1.14732e-04
8.78310e+00        1.13638e-04
8.83043e+00        1.12553e-04
8.87802e+00        1.11479e-04
8.92586e+00        1.10415e-04
8.97396e+00        1.09361e-04
9.02232e+00        1.08317e-04
9.07095e+00        1.07283e-04
9.11983e+00        1.06258e-04
9.16897e+00        1.05243e-04
9.21839e+00        1.04238e-04
9.26806e+00        1.03242e-04
9.31801e+00        1.02255e-04
9.36822e+00        1.01278e-04
9.41871e+00        1.00310e-04
9.46946e+00        9.93515e-05
9.52050e+00        9.84017e-05
9.57180e+00        9.74608e-05
9.62338e+00        9.65289e-05
9.67524e+00        9.56057e-05
9.72738e+00        9.46912e-05
9.77980e+00        9.37854e-05
9.83251e+00        9.28881e-05
9.88549e+00        9.19993e-05
9.93877e+00        9.11188e-05
9.99233e+00        9.02467e-05
1.00462e+01        8.93828e-05
1.01003e+01        8.85271e-05
1.01547e+01        8.76794e-05
1.02095e+01        8.68398e-05
1.02645e+01        8.60081e-05
1.03198e+01        8.51842e-05
1.03754e+01        8.43682e-05
1.04313e+01        8.35598e-05
1.04875e+01        8.27591e-05
1.05441e+01        8.19659e-05
1.06009e+01        8.11802e-05
1.06580e+01        8.04020e-05
1.07154e+01        7.96311e-05
1.07732e+01        7.88675e-05
1.08312e+01        7.81112e-05
1.08896e+01        7.73620e-05
1.09483e+01        7.66199e-05
1.10073e+01        7.58848e-05
1.10666e+01        7.51566e-05
1.11262e+01        7.44354e-05
1.11862e+01        7.37210e-05
1.12465e+01        7.30133e-05
1.13071e+01        7.23124e-05
1.13680e+01        7.16181e-05
1.14293e+01        7.09304e-05
1.14909e+01        7.02492e-05
1.15528e+01        6.95744e-05
1.16151e+01        6.89061e-05
1.16777e+01        6.82441e-05
1.17406e+01        6.75883e-05
1.18039e+01        6.69388e-05
1.18675e+01        6.62955e-05
1.19314e+01        6.56582e-05
1.19957e+01        6.50271e-05
1.20604e+01        6.44019e-05
1.21254e+01        6.37826e-05
1.21907e+01        6.31692e-05
1.22564e+01        6.25617e-05
1.23224e+01        6.19599e-05
1.23889e+01        6.13639e-05
1.24556e+01        6.07735e-05
1.25227e+01        6.01887e-05
1.25902e+01        5.96095e-05
1.26581e+01        5.90358e-05
1.27263e+01        5.84675e-05
1.27949e+01        5.79047e-05
1.28638e+01        5.73472e-05
1.29331e+01        5.67950e-05
1.30028e+01        5.62481e-05
1.30729e+01        5.57064e-05
1.31434e+01        5.51698e-05
1.32142e+01        5.46384e-05
1.32854e+01        5.41120e-05
1.33570e+01        5.35906e-05
1.34290e+01        5.30742e-05
1.35013e+01        5.25628e-05
1.35741e+01        5.20562e-05
1.36472e+01        5.15544e-05
1.37208e+01        5.10574e-05
1.37947e+01        5.05651e-05
1.38691e+01        5.00776e-05
1.39438e+01        4.95947e-05
1.40190e+01        4.91164e-05
1.40945e+01        4.86426e-05
1.41705e+01        4.81734e-05
1.42468e+01        4.77087e-05
1.43236e+01        4.72483e-05
1.44008e+01        4.67924e-05
1.44784e+01        4.63408e-05
1.45564e+01        4.58936e-05
1.46349e+01        4.54506e-05
1.47137e+01        4.50118e-05
1.47930e+01        4.45772e-05
1.48727e+01        4.41468e-05
1.49529e+01        4.37204e-05
1.50335e+01        4.32982e-05
1.51145e+01        4.28800e-05
1.51959e+01        4.24657e-05
1.52778e+01        4.20555e-05
1.53602e+01        4.16491e-05
1.54429e+01        4.12466e-05
1.55261e+01        4.08480e-05
1.56098e+01        4.04532e-05
1.56939e+01        4.00621e-05
1.57785e+01        3.96748e-05
1.58635e+01        3.92912e-05
1.59490e+01        3.89112e-05
1.60350e+01        3.85349e-05
1.61214e+01        3.81622e-05
1.62083e+01        3.77930e-05
1.62956e+01        3.74274e-05
1.63834e+01        3.70652e-05
1.64717e+01        3.67066e-05
1.65605e+01        3.63513e-05
1.66497e+01        3.59995e-05
1.67395e+01        3.56510e-05
1.68297e+01        3.53058e-05
1.69204e+01        3.49640e-05
1.70115e+01        3.46254e-05
1.71032e+01        3.42900e-05
1.71954e+01        3.39579e-05
1.72880e+01        3.36290e-05
1.73812e+01        3.33032e-05
1.74749e+01        3.29805e-05
1.75690e+01        3.26609e-05
1.76637e+01        3.23444e-05
1.77589e+01        3.20309e-05
1.78546e+01        3.17204e-05
1.79508e+01        3.14129e-05
1.80476e+01        3.11083e-05
1.81448e+01        3.08066e-05
1.82426e+01        3.05079e-05
1.83409e+01        3.02120e-05
1.84398e+01        2.99189e-05
1.85391e+01        2.96287e-05
1.86390e+01        2.93412e-05
1.87395e+01        2.90566e-05
1.88405e+01        2.87746e-05
1.89420e+01        2.84953e-05
1.90441e+01        2.82188e-05
1.91467e+01        2.79449e-05
1.92499e+01        2.76736e-05
1.93536e+01        2.74049e-05
1.94579e+01        2.71388e-05
1.95628e+01        2.68753e-05
1.96682e+01        2.66143e-05
1.97742e+01        2.63558e-05
1.98808e+01        2.60998e-05
1.99879e+01        2.58463e-05
2.00956e+01        2.55952e-05
2.02039e+01        2.53465e-05
2.03128e+01        2.51002e-05
2.04222e+01        2.48563e-05
2.05323e+01        2.46147e-05
2.06429e+01        2.43754e-05
2.07542e+01        2.41385e-05
2.08660e+01        2.39038e-05
2.09785e+01        2.36715e-05
2.10915e+01        2.34413e-05
2.12052e+01        2.32134e-05
2.13195e+01        2.29876e-05
2.14344e+01        2.27641e-05
2.15499e+01        2.25426e-05
2.16660e+01        2.23234e-05
2.17827e+01        2.21062e-05
2.19001e+01        2.18911e-05
2.20182e+01        2.16781e-05
2.21368e+01        2.14672e-05
2.22561e+01        2.12583e-05
2.23760e+01        2.10514e-05
2.24966e+01        2.08465e-05
2.26179e+01        2.06436e-05
2.27397e+01        2.04427e-05
2.28623e+01        2.02436e-05
2.29855e+01        2.00465e-05
2.31094e+01        1.98513e-05
2.32339e+01        1.96580e-05
2.33591e+01        1.94666e-05
2.34850e+01        1.92770e-05
2.36115e+01        1.90892e-05
2.37388e+01        1.89033e-05
2.38667e+01        1.87191e-05
2.39953e+01        1.85367e-05
2.41246e+01        1.83561e-05
2.42546e+01        1.81772e-05
2.43854e+01        1.80001e-05
2.45168e+01        1.78246e-05
2.46489e+01        1.76509e-05
2.47817e+01        1.74788e-05
2.49153e+01        1.73084e-05
2.50495e+01        1.71396e-05
2.51845e+01        1.69725e-05
2.53202e+01        1.68070e-05
2.54567e+01        1.66431e-05
2.55939e+01        1.64808e-05
2.57318e+01        1.63200e-05
2.58705e+01        1.61608e-05
2.60099e+01        1.60031e-05
2.61500e+01        1.58470e-05
2.62910e+01        1.56923e-05
2.64327e+01        1.55392e-05
2.65751e+01        1.53875e-05
2.67183e+01        1.52373e-05
2.68623e+01        1.50886e-05
2.70071e+01        1.49413e-05
2.71526e+01        1.47954e-05
2.72989e+01        1.46509e-05
2.74460e+01        1.45079e-05
2.75939e+01        1.43662e-05
2.77426e+01        1.42259e-05
2.78921e+01        1.40869e-05
2.80424e+01        1.39493e-05
2.81936e+01        1.38130e-05
2.83455e+01        1.36780e-05
2.84983e+01        1.35444e-05
2.86518e+01        1.34120e-05
2.88062e+01        1.32809e-05
2.89615e+01        1.31511e-05
2.91175e+01        1.30225e-05
2.92745e+01        1.28952e-05
2.94322e+01        1.27691e-05
2.95908e+01        1.26443e-05
2.97503e+01        1.25206e-05
2.99106e+01        1.23981e-05
3.00718e+01        1.22769e-05
3.02339e+01        1.21568e-05
3.03968e+01        1.20378e-05
3.05606e+01        1.19200e-05
3.07253e+01        1.18034e-05
3.08909e+01        1.16878e-05
3.10573e+01        1.15734e-05
3.12247e+01        1.14601e-05
3.13930e+01        1.13479e-05
3.15621e+01        1.12368e-05
3.17322e+01        1.11268e-05
3.19032e+01        1.10178e-05
3.20752e+01        1.09099e-05
3.22480e+01        1.08030e-05
3.24218e+01        1.06972e-05
3.25965e+01        1.05924e-05
3.27722e+01        1.04886e-05
3.29488e+01        1.03858e-05
3.31263e+01        1.02840e-05
3.33049e+01        1.01832e-05
3.34843e+01        1.00833e-05
3.36648e+01        9.98447e-06
3.38462e+01        9.88656e-06
3.40286e+01        9.78959e-06
3.42120e+01        9.69357e-06
3.43963e+01        9.59848e-06
3.45817e+01        9.50431e-06
3.47681e+01        9.41105e-06
3.49554e+01        9.31869e-06
3.51438e+01        9.22723e-06
3.53332e+01        9.13666e-06
3.55236e+01        9.04696e-06
3.57150e+01        8.95813e-06
3.59075e+01        8.87017e-06
3.61010e+01        8.78305e-06
3.62955e+01        8.69678e-06
3.64911e+01        8.61135e-06
3.66878e+01        8.52675e-06
3.68855e+01        8.44296e-06
3.70843e+01        8.35999e-06
3.72841e+01        8.27782e-06
3.74850e+01        8.19645e-06
3.76870e+01        8.11587e-06
3.78901e+01        8.03607e-06
3.80943e+01        7.95705e-06
3.82996e+01        7.87879e-06
3.85060e+01        7.80129e-06
3.87135e+01        7.72454e-06
3.89221e+01        7.64854e-06
3.91319e+01        7.57327e-06
3.93428e+01        7.49874e-06
3.95548e+01        7.42492e-06
3.97679e+01        7.35183e-06
3.99823e+01        7.27944e-06
4.01977e+01        7.20776e-06
4.04143e+01        7.13677e-06
4.06321e+01        7.06647e-06
4.08511e+01        6.99685e-06
4.10712e+01        6.92791e-06
4.12926e+01        6.85964e-06
4.15151e+01        6.79204e-06
4.17388e+01        6.72508e-06
4.19638e+01        6.65878e-06
4.21899e+01        6.59313e-06
4.24173e+01        6.52811e-06
4.26458e+01        6.46372e-06
4.28757e+01        6.39996e-06
4.31067e+01        6.33682e-06
4.33390e+01        6.27429e-06
4.35726e+01        6.21237e-06
4.38074e+01        6.15105e-06
4.40434e+01        6.09034e-06
4.42808e+01        6.03021e-06
4.45194e+01        5.97067e-06
4.47593e+01        5.91171e-06
4.50005e+01        5.85332e-06
4.52430e+01        5.79551e-06
4.54869e+01        5.73826e-06
4.57320e+01        5.68156e-06
4.59784e+01        5.62543e-06
4.62262e+01        5.56984e-06
4.64753e+01        5.51479e-06
4.67258e+01        5.46029e-06
4.69776e+01        5.40631e-06
4.72307e+01        5.35287e-06
4.74853e+01        5.29994e-06
4.77412e+01        5.24754e-06
4.79984e+01        5.19565e-06
4.82571e+01        5.14427e-06
4.85172e+01        5.09339e-06
4.87786e+01        5.04301e-06
4.90415e+01        4.99313e-06
4.93058e+01        4.94374e-06
4.95715e+01        4.89483e-06
4.98386e+01        4.84640e-06
5.01072e+01        4.79844e-06
5.03772e+01        4.75096e-06
5.06487e+01        4.70395e-06
5.09216e+01        4.65740e-06
5.11960e+01        4.61130e-06
5.14719e+01        4.56566e-06
5.17493e+01        4.52047e-06
5.20282e+01        4.47572e-06
5.23086e+01        4.43142e-06
5.25905e+01        4.38755e-06
5.28739e+01        4.34411e-06
5.31588e+01        4.30110e-06
5.34453e+01        4.25852e-06
5.37333e+01        4.21636e-06
5.40229e+01        4.17461e-06
5.43140e+01        4.13327e-06
5.46067e+01        4.09234e-06
5.49010e+01        4.05182e-06
5.51968e+01        4.01170e-06
5.54943e+01        3.97197e-06
5.57933e+01        3.93263e-06
5.60940e+01        3.89369e-06
5.63963e+01        3.85512e-06
5.67002e+01        3.81694e-06
5.70057e+01        3.77914e-06
5.73129e+01        3.74171e-06
5.76218e+01        3.70465e-06
5.79323e+01        3.66795e-06
5.82445e+01        3.63162e-06
5.85584e+01        3.59565e-06
5.88740e+01        3.56003e-06
5.91912e+01        3.52477e-06
5.95102e+01        3.48985e-06
5.98309e+01        3.45528e-06
6.01533e+01        3.42105e-06
6.04775e+01        3.38716e-06
6.08034e+01        3.35361e-06
6.11311e+01        3.32038e-06
6.14605e+01        3.28749e-06
6.17917e+01        3.25492e-06
6.21247e+01        3.22267e-06
6.24595e+01        3.19075e-06
6.27961e+01        3.15913e-06
6.31345e+01        3.12784e-06
6.34747e+01        3.09685e-06
6.38168e+01        3.06617e-06
6.41607e+01        3.03579e-06
6.45065e+01        3.00571e-06
6.48541e+01        2.97593e-06
6.52036e+01        2.94645e-06
6.55550e+01        2.91726e-06
6.59082e+01        2.88835e-06
6.62634e+01        2.85974e-06
6.66205e+01        2.83140e-06
6.69795e+01        2.80335e-06
6.73405e+01        2.77558e-06
6.77034e+01        2.74808e-06
6.80682e+01        2.72085e-06
6.84350e+01        2.69389e-06
6.88038e+01        2.66720e-06
6.91746e+01        2.64077e-06
6.95474e+01        2.61460e-06
6.99222e+01        2.58869e-06
7.02990e+01        2.56303e-06
7.06778e+01        2.53762e-06
7.10587e+01        2.51247e-06
7.14416e+01        2.48755e-06
7.18266e+01        2.46288e-06
7.22137e+01        2.43845e-06
7.26028e+01        2.41426e-06
7.29941e+01        2.39031e-06
7.33875e+01        2.36658e-06
7.37829e+01        2.34309e-06
7.41806e+01        2.31982e-06
7.45803e+01        2.29678e-06
7.49822e+01        2.27396e-06
7.53863e+01        2.25136e-06
7.57926e+01        2.22898e-06
7.62010e+01        2.20682e-06
7.66116e+01        2.18487e-06
7.70245e+01        2.16313e-06
7.74396e+01        2.14159e-06
7.78569e+01        2.12027e-06
7.82765e+01        2.09915e-06
7.86983e+01        2.07823e-06
7.91224e+01        2.05751e-06
7.95488e+01        2.03699e-06
7.99775e+01        2.01666e-06
8.04085e+01        1.99653e-06
8.08418e+01        1.97659e-06
8.12774e+01        1.95684e-06
8.17154e+01        1.93728e-06
8.21558e+01        1.91790e-06
8.25985e+01        1.89871e-06
8.30437e+01        1.87969e-06
8.34912e+01        1.86086e-06
8.39411e+01        1.84221e-06
8.43935e+01        1.82373e-06
8.48482e+01        1.80543e-06
8.53055e+01        1.78730e-06
8.57652e+01        1.76935e-06
8.62274e+01        1.75156e-06
8.66921e+01        1.73395e-06
8.71592e+01        1.71650e-06
8.76289e+01        1.69922e-06
8.81012e+01        1.68211e-06
8.85759e+01        1.66517e-06
8.90533e+01        1.64839e-06
8.95332e+01        1.63177e-06
9.00157e+01        1.61532e-06
9.05008e+01        1.59902e-06
9.09885e+01        1.58289e-06
9.14788e+01        1.56692e-06
9.19718e+01        1.55110e-06
9.24674e+01        1.53544e-06
9.29657e+01        1.51994e-06
9.34667e+01        1.50459e-06
9.39704e+01        1.48940e-06
9.44768e+01        1.47435e-06
9.49859e+01        1.45946e-06
9.54978e+01        1.44472e-06
9.60124e+01        1.43013e-06
9.65298e+01        1.41568e-06
9.70500e+01        1.40138e-06
9.75730e+01        1.38723e-06
9.80988e+01        1.37322e-06
9.86275e+01        1.35936e-06
9.91590e+01        1.34563e-06
9.96934e+01        1.33205e-06
1.00231e+02        1.31861e-06
1.00771e+02        1.30530e-06
1.01314e+02        1.29214e-06
1.01860e+02        1.27911e-06
1.02409e+02        1.26621e-06
1.02961e+02        1.25345e-06
1.03515e+02        1.24083e-06
1.04073e+02        1.22833e-06
1.04634e+02        1.21597e-06
1.05198e+02        1.20373e-06
1.05765e+02        1.19162e-06
1.06335e+02        1.17965e-06
1.06908e+02        1.16779e-06
1.07484e+02        1.15607e-06
1.08063e+02        1.14446e-06
1.08646e+02        1.13298e-06
1.09231e+02        1.12161e-06
1.09820e+02        1.11037e-06
1.10412e+02        1.09924e-06
1.11007e+02        1.08822e-06
1.11605e+02        1.07732e-06
1.12206e+02        1.06653e-06
1.12811e+02        1.05585e-06
1.13419e+02        1.04528e-06
1.14030e+02        1.03481e-06
1.14644e+02        1.02445e-06
1.15262e+02        1.01419e-06
1.15883e+02        1.00404e-06
1.16508e+02        9.93987e-07
1.17136e+02        9.84035e-07
1.17767e+02        9.74182e-07
1.18402e+02        9.64425e-07
1.19040e+02        9.54765e-07
1.19681e+02        9.45200e-07
1.20326e+02        9.35728e-07
1.20975e+02        9.26349e-07
1.21627e+02        9.17061e-07
1.22282e+02        9.07863e-07
1.22941e+02        8.98754e-07
1.23603e+02        8.89732e-07
1.24270e+02        8.80798e-07
1.24939e+02        8.71949e-07
1.25613e+02        8.63184e-07
1.26289e+02        8.54503e-07
1.26970e+02        8.45904e-07
1.27654e+02        8.37386e-07
1.28342e+02        8.28949e-07
1.29034e+02        8.20592e-07
1.29729e+02        8.12313e-07
1.30428e+02        8.04111e-07
1.31131e+02        7.95986e-07
1.31838e+02        7.87936e-07
1.32548e+02        7.79962e-07
1.33263e+02        7.72061e-07
1.33981e+02        7.64233e-07
1.34703e+02        7.56477e-07
1.35429e+02        7.48793e-07
1.36158e+02        7.41181e-07
1.36892e+02        7.33640e-07
1.37630e+02        7.26169e-07
1.38372e+02        7.18768e-07
1.39117e+02        7.11437e-07
1.39867e+02        7.04176e-07
1.40621e+02        6.96983e-07
1.41379e+02        6.89858e-07
1.42140e+02        6.82802e-07
1.42906e+02        6.75813e-07
1.43677e+02        6.68891e-07
1.44451e+02        6.62036e-07
1.45229e+02        6.55247e-07
1.46012e+02        6.48524e-07
1.46799e+02        6.41866e-07
1.47590e+02        6.35273e-07
1.48385e+02        6.28745e-07
1.49185e+02        6.22280e-07
1.49989e+02        6.15879e-07
1.50797e+02        6.09541e-07
1.51610e+02        6.03266e-07
1.52427e+02        5.97053e-07
1.53248e+02        5.90901e-07
1.54074e+02        5.84811e-07
1.54904e+02        5.78782e-07
1.55739e+02        5.72813e-07
1.56578e+02        5.66904e-07
1.57422e+02        5.61054e-07
1.58270e+02        5.55263e-07
1.59123e+02        5.49531e-07
1.59981e+02        5.43857e-07
1.60843e+02        5.38241e-07
1.61710e+02        5.32681e-07
1.62581e+02        5.27179e-07
1.63457e+02        5.21733e-07
1.64338e+02        5.16342e-07
1.65224e+02        5.11007e-07
1.66114e+02        5.05727e-07
1.67009e+02        5.00502e-07
1.67909e+02        4.95330e-07
1.68814e+02        4.90212e-07
1.69724e+02        4.85147e-07
1.70639e+02        4.80135e-07
1.71558e+02        4.75174e-07
1.72483e+02        4.70265e-07
1.73412e+02        4.65406e-07
1.74347e+02        4.60597e-07
1.75286e+02        4.55838e-07
1.76231e+02        4.51127e-07
1.77181e+02        4.46465e-07
1.78135e+02        4.41850e-07
1.79095e+02        4.37283e-07
1.80061e+02        4.32762e-07
1.81031e+02        4.28287e-07
1.82006e+02        4.23858e-07
1.82987e+02        4.19474e-07
1.83973e+02        4.15134e-07
1.84965e+02        4.10838e-07
1.85962e+02        4.06585e-07
1.86964e+02        4.02376e-07
1.87971e+02        3.98209e-07
1.88984e+02        3.94084e-07
1.90003e+02        3.90001e-07
1.91027e+02        3.85958e-07
1.92056e+02        3.81956e-07
1.93091e+02        3.77995e-07
1.94132e+02        3.74073e-07
1.95178e+02        3.70190e-07
1.96229e+02        3.66346e-07
1.97287e+02        3.62541e-07
1.98350e+02        3.58773e-07
1.99419e+02        3.55043e-07
2.00494e+02        3.51350e-07
2.01574e+02        3.47693e-07
2.02660e+02        3.44073e-07
2.03753e+02        3.40489e-07
2.04851e+02        3.36941e-07
2.05954e+02        3.33427e-07
2.07064e+02        3.29948e-07
2.08180e+02        3.26504e-07
2.09302e+02        3.23093e-07
2.10430e+02        3.19717e-07
2.11564e+02        3.16373e-07
2.12704e+02        3.13062e-07
2.13850e+02        3.09784e-07
2.15003e+02        3.06538e-07
2.16161e+02        3.03324e-07
2.17326e+02        3.00142e-07
2.18498e+02        2.96991e-07
2.19675e+02        2.93871e-07
2.20859e+02        2.90781e-07
2.22049e+02        2.87722e-07
2.23246e+02        2.84693e-07
2.24449e+02        2.81694e-07
2.25658e+02        2.78724e-07
2.26874e+02        2.75783e-07
2.28097e+02        2.72871e-07
2.29326e+02        2.69988e-07
2.30562e+02        2.67133e-07
2.31804e+02        2.64306e-07
2.33054e+02        2.61507e-07
2.34310e+02        2.58735e-07
2.35572e+02        2.55990e-07
2.36842e+02        2.53273e-07
2.38118e+02        2.50582e-07
2.39401e+02        2.47917e-07
2.40691e+02        2.45279e-07
2.41988e+02        2.42667e-07
2.43292e+02        2.40080e-07
2.44604e+02        2.37518e-07
2.45922e+02        2.34982e-07
2.47247e+02        2.32471e-07
2.48579e+02        2.29984e-07
2.49919e+02        2.27522e-07
2.51266e+02        2.25084e-07
2.52620e+02        2.22670e-07
2.53981e+02        2.20279e-07
2.55350e+02        2.17912e-07
2.56726e+02        2.15569e-07
2.58109e+02        2.13248e-07
2.59500e+02        2.10950e-07
2.60899e+02        2.08675e-07
2.62305e+02        2.06423e-07
2.63718e+02        2.04192e-07
2.65140e+02        2.01983e-07
2.66568e+02        1.99796e-07
2.68005e+02        1.97631e-07
2.69449e+02        1.95487e-07
2.70901e+02        1.93364e-07
2.72361e+02        1.91263e-07
2.73829e+02        1.89182e-07
2.75304e+02        1.87123e-07
2.76788e+02        1.85084e-07
2.78280e+02        1.83065e-07
2.79779e+02        1.81068e-07
2.81287e+02        1.79090e-07
2.82803e+02        1.77133e-07
2.84327e+02        1.75196e-07
2.85859e+02        1.73279e-07
2.87400e+02        1.71382e-07
2.88948e+02        1.69504e-07
2.90506e+02        1.67646e-07
2.92071e+02        1.65807e-07
2.93645e+02        1.63988e-07
2.95227e+02        1.62188e-07
2.96818e+02        1.60407e-07
2.98418e+02        1.58644e-07
3.00026e+02        1.56901e-07
3.01643e+02        1.55176e-07
3.03268e+02        1.53469e-07
3.04903e+02        1.51781e-07
3.06546e+02        1.50111e-07
3.08198e+02        1.48459e-07
3.09859e+02        1.46824e-07
3.11529e+02        1.45208e-07
3.13207e+02        1.43609e-07
3.14895e+02        1.42027e-07
3.16592e+02        1.40463e-07
3.18298e+02        1.38916e-07
3.20014e+02        1.37386e-07
3.21738e+02        1.35873e-07
3.23472e+02        1.34377e-07
3.25215e+02        1.32897e-07
3.26968e+02        1.31433e-07
3.28730e+02        1.29986e-07
3.30501e+02        1.28555e-07
3.32282e+02        1.27140e-07
3.34073e+02        1.25741e-07
3.35873e+02        1.24358e-07
3.37683e+02        1.22990e-07
3.39503e+02        1.21638e-07
3.41333e+02        1.20301e-07
3.43172e+02        1.18979e-07
3.45021e+02        1.17671e-07
3.46881e+02        1.16378e-07
3.48750e+02        1.15099e-07
3.50629e+02        1.13834e-07
3.52519e+02        1.12583e-07
3.54419e+02        1.11345e-07
3.56329e+02        1.10121e-07
3.58249e+02        1.08910e-07
3.60179e+02        1.07712e-07
3.62120e+02        1.06526e-07
3.64072e+02        1.05354e-07
3.66034e+02        1.04193e-07
3.68006e+02        1.03045e-07
3.69989e+02        1.01909e-07
3.71983e+02        1.00785e-07
3.73988e+02        9.96731e-08
3.76003e+02        9.85723e-08
3.78030e+02        9.74829e-08
3.80067e+02        9.64048e-08
3.82115e+02        9.53378e-08
3.84174e+02        9.42816e-08
3.86244e+02        9.32363e-08
3.88326e+02        9.22015e-08
3.90419e+02        9.11773e-08
3.92523e+02        9.01634e-08
3.94638e+02        8.91597e-08
3.96765e+02        8.81660e-08
3.98903e+02        8.71823e-08
4.01052e+02        8.62084e-08
4.03214e+02        8.52442e-08
4.05387e+02        8.42895e-08
4.07571e+02        8.33443e-08
4.09768e+02        8.24084e-08
4.11976e+02        8.14816e-08
4.14196e+02        8.05639e-08
4.16428e+02        7.96552e-08
4.18672e+02        7.87553e-08
4.20928e+02        7.78642e-08
4.23197e+02        7.69817e-08
4.25477e+02        7.61077e-08
4.27770e+02        7.52423e-08
4.30075e+02        7.43852e-08
4.32393e+02        7.35366e-08
4.34723e+02        7.26963e-08
4.37066e+02        7.18644e-08
4.39421e+02        7.10406e-08
4.41789e+02        7.02252e-08
4.44170e+02        6.94178e-08
4.46564e+02        6.86186e-08
4.48970e+02        6.78275e-08
4.51390e+02        6.70444e-08
4.53822e+02        6.62693e-08
4.56268e+02        6.55021e-08
4.58727e+02        6.47427e-08
4.61199e+02        6.39912e-08
4.63684e+02        6.32475e-08
4.66183e+02        6.25115e-08
4.68695e+02        6.17832e-08
4.71221e+02        6.10624e-08
4.73760e+02        6.03493e-08
4.76313e+02        5.96437e-08
4.78880e+02        5.89455e-08
4.81461e+02        5.82547e-08
4.84055e+02        5.75713e-08
4.86664e+02        5.68952e-08
4.89286e+02        5.62264e-08
4.91923e+02        5.55647e-08
4.94574e+02        5.49102e-08
4.97239e+02        5.42628e-08
4.99919e+02        5.36224e-08
5.02613e+02        5.29890e-08
5.05322e+02        5.23625e-08
5.08045e+02        5.17429e-08
5.10783e+02        5.11301e-08
5.13535e+02        5.05241e-08
5.16303e+02        4.99247e-08
5.19085e+02        4.93321e-08
5.21882e+02        4.87460e-08
5.24695e+02        4.81664e-08
5.27522e+02        4.75934e-08
5.30365e+02        4.70268e-08
5.33223e+02        4.64665e-08
5.36097e+02        4.59126e-08
5.38986e+02        4.53650e-08
5.41890e+02        4.48237e-08
5.44810e+02        4.42885e-08
5.47746e+02        4.37596e-08
5.50698e+02        4.32369e-08
5.53666e+02        4.27203e-08
5.56650e+02        4.22098e-08
5.59649e+02        4.17053e-08
5.62665e+02        4.12069e-08
5.65697e+02        4.07144e-08
5.68746e+02        4.02279e-08
5.71811e+02        3.97473e-08
5.74892e+02        3.92726e-08
5.77990e+02        3.88037e-08
5.81105e+02        3.83405e-08
5.84237e+02        3.78832e-08
5.87385e+02        3.74315e-08
5.90551e+02        3.69854e-08
5.93733e+02        3.65450e-08
5.96933e+02        3.61101e-08
6.00149e+02        3.56808e-08
6.03384e+02        3.52569e-08
6.06635e+02        3.48384e-08
6.09904e+02        3.44254e-08
6.13191e+02        3.40177e-08
6.16496e+02        3.36152e-08
6.19818e+02        3.32180e-08
6.23158e+02        3.28261e-08
6.26516e+02        3.24392e-08
6.29892e+02        3.20575e-08
6.33287e+02        3.16808e-08
6.36700e+02        3.13092e-08
6.40131e+02        3.09425e-08
6.43580e+02        3.05807e-08
6.47049e+02        3.02238e-08
6.50536e+02        2.98717e-08
6.54041e+02        2.95244e-08
6.57566e+02        2.91818e-08
6.61110e+02        2.88439e-08
6.64672e+02        2.85107e-08
6.68254e+02        2.81820e-08
6.71855e+02        2.78578e-08
6.75476e+02        2.75381e-08
6.79116e+02        2.72228e-08
6.82776e+02        2.69117e-08
6.86455e+02        2.66046e-08
6.90154e+02        2.63016e-08
6.93874e+02        2.60024e-08
6.97613e+02        2.57070e-08
7.01372e+02        2.54152e-08
7.05152e+02        2.51270e-08
7.08952e+02        2.48422e-08
7.12773e+02        2.45608e-08
7.16614e+02        2.42827e-08
7.20475e+02        2.40077e-08
7.24358e+02        2.37358e-08
7.28262e+02        2.34670e-08
7.32186e+02        2.32010e-08
7.36132e+02        2.29379e-08
7.40099e+02        2.26776e-08
7.44087e+02        2.24199e-08
7.48097e+02        2.21649e-08
7.52129e+02        2.19124e-08
7.56182e+02        2.16624e-08
7.60257e+02        2.14148e-08
7.64354e+02        2.11696e-08
7.68473e+02        2.09267e-08
7.72614e+02        2.06860e-08
7.76778e+02        2.04474e-08
7.80964e+02        2.02110e-08
7.85172e+02        1.99767e-08
7.89404e+02        1.97444e-08
7.93658e+02        1.95141e-08
7.97935e+02        1.92857e-08
8.02235e+02        1.90591e-08
8.06558e+02        1.88344e-08
8.10904e+02        1.86115e-08
8.15274e+02        1.83904e-08
8.19668e+02        1.81709e-08
8.24085e+02        1.79532e-08
8.28526e+02        1.77370e-08
8.32991e+02        1.75225e-08
8.37480e+02        1.73096e-08
8.41993e+02        1.70982e-08
8.46530e+02        1.68883e-08
8.51092e+02        1.66800e-08
8.55679e+02        1.64733e-08
8.60290e+02        1.62682e-08
8.64926e+02        1.60649e-08
8.69587e+02        1.58635e-08
8.74273e+02        1.56639e-08
8.78985e+02        1.54662e-08
8.83722e+02        1.52705e-08
8.88484e+02        1.50768e-08
8.93272e+02        1.48853e-08
8.98086e+02        1.46958e-08
9.02925e+02        1.45085e-08
9.07791e+02        1.43234e-08
9.12683e+02        1.41405e-08
9.17602e+02        1.39599e-08
9.22547e+02        1.37816e-08
9.27518e+02        1.36056e-08
9.32517e+02        1.34320e-08
9.37542e+02        1.32607e-08
9.42594e+02        1.30918e-08
9.47674e+02        1.29253e-08
9.52781e+02        1.27612e-08
9.57915e+02        1.25996e-08
9.63077e+02        1.24404e-08
9.68267e+02        1.22837e-08
9.73485e+02        1.21294e-08
9.78731e+02        1.19776e-08
9.84006e+02        1.18282e-08
9.89309e+02        1.16813e-08
9.94640e+02        1.15369e-08
1.00000e+03        1.13950e-08
